-0,03 -0,23210 173,99
-0,07 -0,22950 173,99
-0,02 -0,23020 173,96
-0,05 -0,23020 173,93
-0,01 -0,23060 173,93
-0,06 -0,22950 173,90
-0,05 -0,23100 173,88
0,02 -0,23020 173,88
0,03 -0,22990 173,83
0,07 -0,23020 173,80
0,12 -0,23020 173,80
0,17 -0,23140 173,79
0,19 -0,23170 173,75
0,27 -0,23320 173,75
0,32 -0,23170 173,76
0,42 -0,23170 173,74
0,46 -0,23100 173,74
0,58 -0,23210 173,73
0,67 -0,23250 173,70
0,80 -0,23100 173,70
0,84 -0,23020 173,66
0,96 -0,23250 173,65
1,06 -0,23210 173,63
1,16 -0,22990 173,63
1,23 -0,23060 173,63
1,35 -0,23020 173,60
1,50 -0,23020 173,60
1,59 -0,22880 173,59
1,76 -0,23020 173,54
1,83 -0,22950 173,54
1,89 -0,23020 173,52
1,98 -0,23100 173,51
2,13 -0,23170 173,51
2,25 -0,23140 173,50
2,32 -0,23170 173,49
2,37 -0,23100 173,49
2,49 -0,23250 173,48
2,54 -0,23210 173,46
2,60 -0,23020 173,46
2,72 -0,23100 173,45
2,80 -0,23020 173,45
2,84 -0,22990 173,45
2,93 -0,23170 173,40
3,02 -0,23250 173,36
3,12 -0,23170 173,36
3,17 -0,23140 173,35
3,20 -0,23020 173,35
3,29 -0,23250 173,35
3,34 -0,23140 173,34
3,46 -0,23250 173,34
3,52 -0,23020 173,34
3,60 -0,23100 173,33
3,61 -0,23020 173,31
3,70 -0,23210 173,31
3,73 -0,23170 173,31
3,80 -0,23060 173,30
3,84 -0,23020 173,30
3,94 -0,23170 173,30
4,04 -0,23290 173,31
4,10 -0,23210 173,31
4,11 -0,23210 173,31
4,21 -0,23210 173,30
4,23 -0,23360 173,30
4,32 -0,23250 173,31
4,34 -0,23320 173,31
4,46 -0,23440 173,31
4,45 -0,23290 173,27
4,57 -0,23210 173,29
4,61 -0,23290 173,29
4,69 -0,23440 173,31
4,69 -0,23320 173,31
4,79 -0,23250 173,31
4,79 -0,23170 173,38
4,88 -0,23210 173,41
4,92 -0,23250 173,41
4,99 -0,23250 173,43
5,08 -0,23400 173,44
5,06 -0,23140 173,44
5,18 -0,23140 173,43
5,18 -0,23210 173,41
5,24 -0,23250 173,41
5,36 -0,23320 173,44
5,39 -0,23100 173,46
5,41 -0,23210 173,46
5,50 -0,23210 173,49
5,51 -0,23170 173,51
5,61 -0,23290 173,51
5,67 -0,23320 173,49
5,70 -0,23360 173,50
5,71 -0,23060 173,50
5,83 -0,23100 173,51
5,83 -0,22950 173,52
5,93 -0,23210 173,52
5,93 -0,22990 173,49
5,99 -0,23060 173,49
6,08 -0,22990 173,49
6,09 -0,22840 173,52
6,19 -0,22950 173,52
6,25 -0,22760 173,52
6,31 -0,22840 173,51
6,30 -0,22650 173,50
6,40 -0,22650 173,50
6,43 -0,22540 173,48
6,47 -0,22310 173,43
6,55 -0,22460 173,43
6,57 -0,22460 173,41
6,64 -0,22240 173,38
6,67 -0,22240 173,38
6,77 -0,22350 173,38
6,77 -0,22050 173,39
6,87 -0,22160 173,39
6,92 -0,21940 173,36
6,98 -0,22010 173,33
6,99 -0,21900 173,33
7,08 -0,21900 173,29
7,08 -0,21670 173,26
7,19 -0,21750 173,26
7,24 -0,21670 173,29
7,28 -0,21670 173,30
7,34 -0,21750 173,30
7,33 -0,21670 173,27
7,44 -0,21560 173,29
7,47 -0,21670 173,29
7,53 -0,21670 173,30
7,57 -0,21380 173,29
7,62 -0,21600 173,29
7,69 -0,21450 173,29
7,70 -0,21520 173,30
7,75 -0,21450 173,30
7,81 -0,21410 173,29
7,90 -0,21490 173,27
7,92 -0,21380 173,27
8,01 -0,21670 173,31
8,02 -0,21560 173,36
8,05 -0,21560 173,36
8,15 -0,21670 173,40
8,20 -0,21450 173,45
8,22 -0,21520 173,45
8,30 -0,21600 173,49
8,33 -0,21560 173,54
8,38 -0,21520 173,54
8,43 -0,21560 173,60
8,51 -0,21600 173,65
8,56 -0,21450 173,65
8,61 -0,21490 173,71
8,66 -0,21670 173,75
8,68 -0,21340 173,75
8,73 -0,21380 173,80
8,79 -0,21220 173,83
8,86 -0,21490 173,83
8,87 -0,21300 173,90
8,98 -0,21520 173,95
8,98 -0,21410 173,95
9,05 -0,21300 174,04
9,09 -0,21260 174,10
9,17 -0,21220 174,10
9,25 -0,21260 174,14
9,28 -0,21260 174,19
9,32 -0,21110 174,19
9,37 -0,21070 174,27
9,39 -0,21040 174,36
9,45 -0,21040 174,36
9,48 -0,21040 174,41
9,60 -0,20920 174,45
9,59 -0,20770 174,45
9,70 -0,20770 174,49
9,70 -0,20740 174,52
9,79 -0,20470 174,52
9,82 -0,20360 174,59
9,86 -0,20320 174,61
9,90 -0,20290 174,61
9,95 -0,20290 174,64
10,00 -0,20170 174,68
10,05 -0,20060 174,68
10,11 -0,19950 174,70
10,14 -0,19690 174,74
10,25 -0,19840 174,74
10,28 -0,19650 174,76
10,31 -0,19500 174,80
10,39 -0,19500 174,83
10,46 -0,19420 174,83
10,47 -0,19010 174,84
10,50 -0,18820 174,84
10,60 -0,19050 174,84
10,65 -0,18710 174,86
10,71 -0,18560 174,91
10,73 -0,18300 174,91
10,82 -0,18260 174,93
10,82 -0,18070 174,89
10,87 -0,17960 174,89
10,98 -0,17890 174,90
10,98 -0,17510 174,91
11,02 -0,17470 174,91
11,09 -0,17210 174,91
11,13 -0,17140 174,90
11,22 -0,16910 174,90
11,23 -0,16840 174,90
11,30 -0,16800 174,86
11,36 -0,16570 174,86
11,44 -0,16650 174,86
11,46 -0,16540 174,83
11,49 -0,16200 174,83
11,54 -0,16280 174,84
11,59 -0,16090 174,83
11,69 -0,16160 174,83
11,68 -0,16090 174,84
11,78 -0,16090 174,80
11,77 -0,16090 174,80
11,84 -0,16090 174,79
11,94 -0,16050 174,77
11,95 -0,16050 174,77
12,04 -0,16090 174,74
12,05 -0,16090 174,73
12,10 -0,15940 174,73
12,14 -0,16050 174,71
12,24 -0,15970 174,66
12,28 -0,16090 174,66
12,31 -0,15970 174,65
12,41 -0,16310 174,66
12,43 -0,16090 174,66
12,50 -0,16240 174,63
12,49 -0,16240 174,58
12,54 -0,16310 174,58
12,59 -0,16350 174,56
12,66 -0,16540 174,56
12,72 -0,16570 174,56
12,75 -0,16650 174,54
12,86 -0,16840 174,55
12,85 -0,16910 174,55
12,91 -0,17060 174,52
12,96 -0,17210 174,52
13,01 -0,17170 174,52
13,05 -0,17400 174,48
13,14 -0,17470 174,44
13,22 -0,17470 174,44
13,26 -0,17550 174,41
13,28 -0,17400 174,41
13,35 -0,17590 174,41
13,42 -0,17770 174,39
13,46 -0,17740 174,34
13,47 -0,17620 174,34
13,53 -0,17660 174,31
13,58 -0,17920 174,29
13,67 -0,17920 174,29
13,72 -0,17920 174,25
13,74 -0,17920 174,21
13,77 -0,17770 174,21
13,86 -0,17740 174,16
13,92 -0,17810 174,13
13,94 -0,17890 174,13
14,00 -0,17890 174,09
14,08 -0,17660 174,06
14,13 -0,17810 174,06
14,12 -0,17740 174,00
14,23 -0,17550 173,95
14,28 -0,17400 173,95
14,33 -0,17440 173,89
14,39 -0,17360 173,86
14,44 -0,17060 173,86
14,45 -0,16910 173,81
14,53 -0,16800 173,76
14,59 -0,16720 173,76
14,63 -0,16720 173,74
14,65 -0,16350 173,71
14,72 -0,16280 173,71
14,74 -0,15970 173,65
14,81 -0,15790 173,61
14,86 -0,15300 173,61
14,90 -0,15070 173,56
14,92 -0,14960 173,52
15,03 -0,14770 173,51
15,03 -0,14400 173,51
15,14 -0,14290 173,48
15,22 -0,14060 173,43
15,25 -0,13420 173,43
15,31 -0,13160 173,41
15,30 -0,12820 173,36
15,35 -0,12560 173,36
15,41 -0,12300 173,34
15,45 -0,11890 173,31
15,53 -0,11660 173,31
15,59 -0,11290 173,29
15,62 -0,10580 173,29
15,70 -0,10130 173,29
15,74 -0,09900 173,26
15,81 -0,09450 173,26
15,81 -0,09040 173,26
15,90 -0,08550 173,23
15,91 -0,08320 173,23
15,97 -0,07800 173,23
16,07 -0,07460 173,23
16,07 -0,07010 173,21
16,11 -0,06790 173,21
16,21 -0,06640 173,18
16,24 -0,06340 173,19
16,32 -0,06380 173,19
16,36 -0,06110 173,16
16,37 -0,06000 173,18
16,42 -0,05780 173,18
16,50 -0,05920 173,18
16,53 -0,05850 173,16
16,62 -0,05920 173,16
16,63 -0,05960 173,16
16,66 -0,06110 173,19
16,78 -0,06300 173,19
16,79 -0,06340 173,20
16,87 -0,06600 173,25
16,89 -0,06830 173,25
16,96 -0,07200 173,25
17,01 -0,07500 173,26
17,02 -0,07570 173,26
17,14 -0,07950 173,29
17,13 -0,08210 173,31
17,23 -0,08470 173,31
17,24 -0,08890 173,34
17,34 -0,09340 173,36
17,35 -0,09680 173,36
17,39 -0,09970 173,38
17,49 -0,10200 173,38
17,47 -0,10540 173,38
17,54 -0,10910 173,39
17,60 -0,11210 173,40
17,69 -0,11850 173,40
17,71 -0,11890 173,41
17,75 -0,12450 173,41
17,80 -0,12600 173,41
17,83 -0,12750 173,41
17,91 -0,13120 173,41
17,93 -0,13240 173,41
18,04 -0,13420 173,41
18,05 -0,13730 173,41
18,12 -0,13840 173,43
18,20 -0,14020 173,43
18,24 -0,14210 173,40
18,25 -0,14360 173,39
18,29 -0,14400 173,39
18,36 -0,14440 173,38
18,47 -0,14660 173,39
18,51 -0,14810 173,39
18,56 -0,14660 173,39
18,61 -0,14660 173,34
18,61 -0,14740 173,34
18,70 -0,14740 173,34
18,71 -0,14620 173,34
18,76 -0,14740 173,34
18,86 -0,14470 173,34
18,88 -0,14360 173,36
18,93 -0,13990 173,36
18,97 -0,13990 173,38
19,02 -0,13650 173,40
19,10 -0,13690 173,40
19,14 -0,13090 173,43
19,17 -0,13010 173,43
19,28 -0,12790 173,43
19,27 -0,12190 173,45
19,33 -0,11920 173,45
19,42 -0,11620 173,45
19,43 -0,11330 173,46
19,52 -0,10950 173,51
19,55 -0,10460 173,51
19,56 -0,09970 173,55
19,65 -0,09490 173,54
19,69 -0,09190 173,54
19,73 -0,08400 173,58
19,82 -0,08030 173,60
19,84 -0,07160 173,60
19,94 -0,06710 173,64
19,97 -0,06190 173,65
20,00 -0,05740 173,65
20,09 -0,04990 173,66
20,09 -0,04240 173,71
20,13 -0,03600 173,71
20,21 -0,02890 173,70
20,24 -0,02290 173,73
20,32 -0,01390 173,74
20,38 -0,00830 173,74
20,40 -0,00150 173,73
20,48 0,00640 173,70
20,49 0,01540 173,70
20,59 0,02480 173,68
20,62 0,03000 173,69
20,68 0,04160 173,69
20,75 0,04840 173,73
20,75 0,05850 173,71
20,81 0,06260 173,71
20,86 0,07010 173,75
20,95 0,07880 173,76
20,98 0,08320 173,76
21,05 0,09000 173,77
21,05 0,09560 173,79
21,14 0,09900 173,79
21,15 0,10310 173,83
21,20 0,10690 173,86
21,26 0,10840 173,86
21,36 0,10840 173,88
21,37 0,10800 173,88
21,41 0,10760 173,88
21,51 0,10460 173,89
21,52 0,10160 173,89
21,60 0,09820 173,89
21,66 0,09340 173,91
21,68 0,08810 173,98
21,77 0,07990 173,98
21,78 0,07610 174,00
21,85 0,06940 174,02
21,88 0,06190 174,02
21,94 0,05440 174,04
21,96 0,04950 174,09
22,01 0,04010 174,09
22,06 0,03340 174,13
22,17 0,02480 174,13
22,16 0,01580 174,13
22,28 0,00790 174,15
22,31 -0,00260 174,19
22,34 -0,00980 174,19
22,36 -0,01760 174,20
22,46 -0,02440 174,20
22,52 -0,03450 174,20
22,53 -0,04280 174,19
22,58 -0,04690 174,18
22,67 -0,05700 174,18
22,73 -0,06110 174,18
22,73 -0,06710 174,16
22,82 -0,07420 174,16
22,84 -0,07950 174,18
22,88 -0,08400 174,21
22,98 -0,08780 174,21
23,04 -0,09380 174,23
23,07 -0,09680 174,26
23,12 -0,09940 174,26
23,18 -0,10090 174,27
23,21 -0,10350 174,25
23,23 -0,10420 174,25
23,35 -0,10460 174,25
23,37 -0,10500 174,26
23,44 -0,10690 174,26
23,45 -0,10580 174,30
23,49 -0,10460 174,31
23,59 -0,10420 174,31
23,59 -0,10240 174,35
23,68 -0,10010 174,36
23,73 -0,09970 174,36
23,80 -0,09600 174,38
23,84 -0,09150 174,39
23,88 -0,09070 174,39
23,94 -0,08550 174,40
23,98 -0,08250 174,41
24,04 -0,07570 174,41
24,09 -0,07310 174,41
24,16 -0,06710 174,43
24,20 -0,05810 174,43
24,25 -0,05440 174,45
24,25 -0,04430 174,45
24,32 -0,04160 174,45
24,35 -0,03150 174,46
24,45 -0,02890 174,44
24,48 -0,01990 174,44
24,51 -0,01310 174,44
24,61 -0,00300 174,43
24,66 0,00790 174,43
24,71 0,01610 174,39
24,71 0,02810 174,40
24,81 0,03530 174,40
24,85 0,04570 174,38
24,86 0,05440 174,36
24,93 0,06600 174,36
25,01 0,07990 174,31
25,02 0,09000 174,29
25,11 0,10240 174,29
25,12 0,11140 174,25
25,16 0,12520 174,24
25,26 0,13460 174,24
25,28 0,14740 174,23
25,36 0,15860 174,19
25,42 0,17250 174,19
25,46 0,19200 174,19
25,51 0,19990 174,18
25,56 0,21670 174,18
25,63 0,22650 174,14
25,66 0,24340 174,10
25,71 0,25240 174,10
25,77 0,26770 174,05
25,77 0,28540 174,04
25,84 0,29620 174,04
25,92 0,30750 174,01
25,98 0,31570 173,98
25,98 0,32810 173,98
26,03 0,33680 173,94
26,06 0,34580 173,90
26,18 0,34990 173,90
26,24 0,35740 173,89
26,28 0,36260 173,86
26,34 0,36150 173,86
26,37 0,36300 173,86
26,41 0,36150 173,85
26,43 0,35740 173,85
26,52 0,35140 173,84
26,60 0,34460 173,85
26,58 0,33410 173,84
26,70 0,32660 173,84
26,69 0,31690 173,84
26,79 0,30600 173,83
26,79 0,29330 173,83
26,84 0,28310 173,81
26,92 0,26360 173,83
26,95 0,25420 173,83
27,01 0,23740 173,83
27,07 0,21940 173,88
27,10 0,20510 173,88
27,13 0,18820 173,90
27,25 0,17250 173,90
27,29 0,15640 173,90
27,30 0,14510 173,93
27,36 0,12490 173,95
27,40 0,10720 173,95
27,51 0,09410 173,99
27,54 0,08030 174,04
27,57 0,06900 174,04
27,60 0,05510 174,08
27,66 0,04430 174,13
27,70 0,03340 174,13
27,76 0,02510 174,16
27,85 0,01310 174,19
27,85 0,00340 174,19
27,94 -0,00220 174,20
27,98 -0,01270 174,25
28,02 -0,01800 174,25
28,09 -0,02440 174,26
28,15 -0,02700 174,27
28,19 -0,03040 174,27
28,23 -0,03300 174,27
28,33 -0,03830 174,30
28,36 -0,03900 174,30
28,38 -0,03900 174,34
28,45 -0,03710 174,34
28,51 -0,03710 174,34
28,51 -0,03490 174,34
28,56 -0,03150 174,33
28,67 -0,02850 174,33
28,72 -0,02440 174,35
28,75 -0,01950 174,36
28,78 -0,01240 174,36
28,84 -0,01050 174,34
28,88 -0,00110 174,30
28,95 0,00370 174,30
29,02 0,01270 174,30
29,04 0,02360 174,30
29,13 0,03040 174,30
29,12 0,04130 174,30
29,23 0,04840 174,27
29,26 0,06040 174,27
29,32 0,06860 174,25
29,37 0,08210 174,23
29,39 0,09260 174,23
29,49 0,10580 174,21
29,49 0,12230 174,18
29,56 0,13240 174,18
29,59 0,14920 174,14
29,68 0,16050 174,13
29,72 0,17660 174,13
29,74 0,19050 174,11
29,85 0,20550 174,08
29,87 0,22910 174,01
29,93 0,24000 174,01
29,98 0,25760 173,98
30,02 0,27260 173,95
30,04 0,29360 173,95
30,14 0,30750 173,90
30,14 0,33040 173,85
30,21 0,33520 173,85
30,27 0,37730 173,83
30,34 0,28310 173,79
30,40 0,22090 173,79
30,39 0,23320 173,79
30,45 0,25280 173,74
30,52 0,28200 173,74
30,59 0,30520 173,70
30,62 0,33640 173,68
30,70 0,36490 173,68
30,74 0,38440 173,66
30,74 0,41320 173,65
30,82 0,43800 173,65
30,89 0,46500 173,65
30,91 0,48340 173,64
30,94 0,50700 173,64
31,00 0,52280 173,64
31,12 0,54370 173,65
31,16 0,56480 173,65
31,16 0,58010 173,64
31,20 0,59780 173,64
31,30 0,60600 173,64
31,30 0,61570 173,60
31,38 0,62030 173,63
31,47 0,62660 173,63
31,47 0,62810 173,60
31,54 0,62850 173,63
31,61 0,62700 173,63
31,62 0,62330 173,66
31,65 0,61570 173,68
31,71 0,60790 173,68
31,79 0,59590 173,69
31,81 0,58800 173,73
31,89 0,57110 173,73
31,96 0,54790 173,74
32,02 0,53620 173,79
32,01 0,51710 173,79
32,07 0,49950 173,80
32,12 0,47210 173,81
32,17 0,45830 173,81
32,27 0,43310 173,81
32,32 0,40390 173,84
32,33 0,38400 173,84
32,42 0,35960 173,84
32,48 0,34010 173,85
32,48 0,31390 173,85
32,57 0,29850 173,85
32,58 0,28540 173,86
32,66 0,26810 173,86
32,73 0,24340 173,89
32,77 0,21560 173,88
32,83 0,20250 173,88
32,85 0,18150 173,94
32,91 0,16990 173,96
32,97 0,15190 174,01
32,98 0,14510 174,01
33,09 0,13160 174,00
33,08 0,12260 174,00
33,14 0,11700 174,00
33,20 0,11030 174,02
33,24 0,10580 174,06
33,28 0,09790 174,08
33,38 0,09530 174,08
33,42 0,09300 174,08
33,48 0,09220 174,08
33,50 0,09300 174,08
33,59 0,09490 174,09
33,61 0,09640 174,09
33,63 0,09970 174,09
33,75 0,10270 174,13
33,74 0,11250 174,14
33,84 0,11400 174,14
33,90 0,12190 174,14
33,95 0,13240 174,16
33,97 0,14170 174,16
34,04 0,15520 174,20
34,05 0,16240 174,19
34,08 0,17440 174,19
34,20 0,18340 174,20
34,24 0,20170 174,23
34,30 0,21220 174,23
34,36 0,22910 174,23
34,36 0,24900 174,24
34,46 0,26440 174,24
34,48 0,28800 174,24
34,52 0,30300 174,29
34,59 0,32480 174,29
34,63 0,34130 174,30
34,69 0,36410 174,29
34,75 0,39000 174,29
34,79 0,40720 174,27
34,81 0,43690 174,26
34,89 0,45300 174,26
34,92 0,48000 174,26
35,01 0,50180 174,25
35,01 0,52840 174,25
35,08 0,54790 174,24
35,17 0,57860 174,20
35,18 0,61120 174,20
35,24 0,63340 174,18
35,30 0,66860 174,16
35,32 0,69040 174,16
35,40 0,72370 174,16
35,43 0,74620 174,13
35,52 0,78340 174,13
35,52 0,82390 174,10
35,62 0,84560 174,10
35,66 0,88460 174,10
35,67 0,90710 174,06
35,77 0,94420 174,05
35,81 0,96860 174,05
35,86 1,00610 174,05
35,90 1,03090 174,01
35,92 1,06240 174,01
36,00 1,10020 173,98
36,08 1,12390 173,93
36,12 1,15690 173,90
36,17 1,17300 173,90
36,16 1,20070 173,90
36,23 1,21720 173,89
36,31 1,23860 173,89
36,35 1,25890 173,89
36,39 1,26970 173,90
36,45 1,27800 173,90
36,51 1,28440 173,88
36,57 1,28700 173,88
36,63 1,28740 173,88
36,63 1,28360 173,90
36,68 1,27990 173,90
36,74 1,26820 173,90
36,78 1,25320 173,86
36,85 1,24200 173,83
36,92 1,21990 173,83
36,94 1,20410 173,81
36,98 1,17560 173,81
37,09 1,15500 173,81
37,14 1,12570 173,80
37,15 1,09050 173,80
37,19 1,06500 173,80
37,28 1,02640 173,79
37,30 0,99900 173,77
37,38 0,95890 173,77
37,42 0,93150 173,77
37,48 0,88880 173,79
37,50 0,86180 173,79
37,60 0,82240 173,77
37,62 0,78070 173,76
37,68 0,75340 173,76
37,70 0,71470 173,73
37,79 0,68550 173,71
37,79 0,65030 173,71
37,90 0,62330 173,69
37,92 0,59210 173,65
37,95 0,55760 173,65
38,05 0,53780 173,66
38,04 0,50920 173,63
