-0,04 0,04690 149,91
-0,04 0,04690 149,91
-0,05 0,04730 149,91
-0,10 0,04730 149,88
-0,05 0,04690 149,88
-0,08 0,04690 149,88
-0,04 0,04690 149,88
-0,06 0,04690 149,88
-0,00 0,04650 149,89
0,02 0,04730 149,89
0,04 0,04690 149,89
0,10 0,04690 149,86
0,15 0,04730 149,86
0,25 0,04690 149,86
0,27 0,04730 149,85
0,34 0,04730 149,86
0,49 0,04690 149,86
0,55 0,04690 149,89
0,61 0,04690 149,90
0,71 0,04730 149,90
0,79 0,04730 149,90
0,95 0,04730 149,94
1,03 0,04730 149,96
1,15 0,04730 149,96
1,20 0,04690 149,96
1,35 0,04690 149,96
1,47 0,04690 149,96
1,55 0,04730 149,98
1,67 0,04690 150,00
1,79 0,04690 150,00
1,90 0,04730 150,04
2,00 0,04690 150,06
2,06 0,04690 150,06
2,23 0,04730 150,11
2,24 0,04730 150,13
2,39 0,04650 150,13
2,42 0,04730 150,13
2,56 0,04690 150,14
2,61 0,04690 150,14
2,65 0,04690 150,18
2,72 0,04730 150,20
2,81 0,04730 150,20
2,90 0,04730 150,20
3,02 0,04690 150,23
3,04 0,04690 150,23
3,10 0,04650 150,24
3,18 0,04730 150,26
3,28 0,04690 150,26
3,30 0,04690 150,25
3,40 0,04730 150,26
3,49 0,04730 150,26
3,54 0,04690 150,25
3,61 0,04730 150,25
3,65 0,04690 150,25
3,70 0,04690 150,29
3,80 0,04730 150,30
3,87 0,04690 150,30
3,88 0,04690 150,30
3,96 0,04730 150,27
4,06 0,04690 150,27
4,14 0,04690 150,27
4,13 0,04730 150,29
4,19 0,04690 150,27
4,23 0,04730 150,27
4,35 0,04730 150,30
4,44 0,04690 150,33
4,45 0,04690 150,33
4,54 0,04730 150,34
4,53 0,04730 150,34
4,64 0,04690 150,34
4,66 0,04730 150,34
4,76 0,04730 150,36
4,75 0,04730 150,36
4,87 0,04730 150,36
4,89 0,04730 150,35
4,93 0,04690 150,35
5,05 0,04690 150,36
5,08 0,04730 150,36
5,15 0,04730 150,36
5,20 0,04730 150,39
5,20 0,04690 150,40
5,28 0,04650 150,40
5,31 0,04730 150,41
5,38 0,04690 150,40
5,44 0,04690 150,40
5,52 0,04730 150,40
5,54 0,04730 150,41
5,64 0,04730 150,41
5,68 0,04730 150,45
5,69 0,04730 150,48
5,80 0,04690 150,48
5,86 0,04730 150,46
5,92 0,04730 150,49
5,93 0,04730 150,49
6,00 0,04760 150,48
6,00 0,04730 150,46
6,10 0,04730 150,46
6,17 0,04730 150,46
6,22 0,04690 150,46
6,24 0,04730 150,46
6,32 0,04690 150,48
6,33 0,04730 150,46
6,39 0,04730 150,46
6,43 0,04730 150,46
6,51 0,04730 150,44
6,58 0,04730 150,44
6,65 0,04690 150,40
6,68 0,04730 150,39
6,70 0,04730 150,39
6,76 0,04690 150,36
6,81 0,04730 150,33
6,87 0,04730 150,33
6,91 0,04730 150,29
6,96 0,04730 150,25
7,00 0,04730 150,25
7,05 0,04650 150,23
7,13 0,04730 150,19
7,17 0,04690 150,19
7,20 0,04650 150,15
7,26 0,04730 150,11
7,35 0,04730 150,11
7,39 0,04730 150,10
7,43 0,04690 150,04
7,48 0,04690 150,04
7,55 0,04730 150,04
7,57 0,04730 150,02
7,66 0,04730 150,02
7,71 0,04690 150,00
7,73 0,04690 149,99
7,79 0,04730 149,99
7,87 0,04690 149,96
7,88 0,04760 149,94
7,92 0,04760 149,93
8,02 0,04690 149,93
8,03 0,04760 149,93
8,09 0,04730 149,93
8,13 0,04730 149,93
8,23 0,04730 149,91
8,25 0,04730 149,91
8,29 0,04760 149,91
8,35 0,04760 149,91
8,39 0,04730 149,93
8,49 0,04760 149,93
8,53 0,04800 149,94
8,54 0,04800 149,94
8,65 0,04800 149,94
8,65 0,04840 149,94
8,72 0,04800 149,93
8,78 0,04760 149,93
8,81 0,04800 149,93
8,89 0,04870 149,94
8,90 0,04870 149,94
9,00 0,04840 149,96
9,00 0,04910 149,96
9,11 0,04870 149,96
9,10 0,04910 149,96
9,21 0,04910 149,98
9,20 0,04950 149,98
9,31 0,04990 149,96
9,30 0,05030 149,96
9,41 0,05060 149,96
9,42 0,05100 149,96
9,52 0,05180 149,99
9,58 0,05140 149,99
9,56 0,05180 150,02
9,63 0,05250 150,02
9,68 0,05320 150,02
9,73 0,05360 150,05
9,76 0,05360 150,09
9,85 0,05360 150,09
9,93 0,05440 150,13
9,93 0,05510 150,14
9,98 0,05550 150,14
10,07 0,05620 150,15
10,08 0,05700 150,18
10,11 0,05740 150,18
10,18 0,05780 150,21
10,30 0,05850 150,23
10,29 0,06000 150,23
10,34 0,05960 150,24
10,38 0,06110 150,24
10,48 0,06150 150,24
10,47 0,06190 150,25
10,58 0,06300 150,24
10,57 0,06340 150,24
10,63 0,06410 150,24
10,71 0,06490 150,24
10,77 0,06560 150,24
10,84 0,06600 150,26
10,86 0,06670 150,29
10,95 0,06710 150,29
10,98 0,06790 150,33
11,03 0,06750 150,33
11,07 0,06790 150,33
11,10 0,06790 150,30
11,15 0,06790 150,30
11,19 0,06750 150,30
11,25 0,06750 150,30
11,34 0,06670 150,30
11,39 0,06670 150,27
11,42 0,06640 150,25
11,47 0,06640 150,24
11,56 0,06520 150,24
11,55 0,06520 150,21
11,63 0,06560 150,21
11,69 0,06490 150,21
11,71 0,06410 150,19
11,80 0,06410 150,23
11,80 0,06380 150,23
11,93 0,06340 150,24
11,91 0,06300 150,25
11,97 0,06260 150,25
12,00 0,06260 150,24
12,12 0,06190 150,25
12,16 0,06150 150,25
12,16 0,06150 150,27
12,21 0,06110 150,30
12,28 0,06080 150,30
12,32 0,06080 150,33
12,41 0,06040 150,34
12,43 0,06040 150,34
12,46 0,06040 150,34
12,57 0,06000 150,34
12,60 0,06000 150,34
12,68 0,05960 150,38
12,68 0,05960 150,40
12,77 0,06000 150,40
12,79 0,06000 150,41
12,88 0,06000 150,43
12,92 0,06000 150,43
12,95 0,05960 150,43
12,98 0,06040 150,43
13,05 0,06040 150,43
13,12 0,06000 150,45
13,19 0,06080 150,43
13,19 0,06080 150,43
13,25 0,06110 150,43
13,28 0,06190 150,40
13,33 0,06150 150,40
13,37 0,06230 150,39
13,47 0,06260 150,38
13,51 0,06340 150,38
13,58 0,06380 150,38
13,60 0,06410 150,36
13,63 0,06490 150,36
13,74 0,06520 150,35
13,73 0,06600 150,33
13,83 0,06640 150,33
13,85 0,06750 150,29
13,94 0,06790 150,26
13,96 0,06830 150,26
14,04 0,06940 150,25
14,07 0,07010 150,24
14,14 0,07090 150,24
14,20 0,07200 150,21
14,25 0,07310 150,20
14,31 0,07350 150,20
14,36 0,07500 150,16
14,35 0,07570 150,14
14,47 0,07690 150,14
14,51 0,07800 150,13
14,56 0,07880 150,10
14,56 0,07950 150,10
14,62 0,08100 150,10
14,67 0,08140 150,09
14,76 0,08320 150,08
14,78 0,08400 150,08
14,86 0,08630 150,06
14,87 0,08660 150,05
14,92 0,08850 150,05
14,97 0,08930 150,02
15,03 0,09110 150,02
15,07 0,09220 150,02
15,18 0,09380 150,00
15,22 0,09560 149,95
15,25 0,09710 149,95
15,32 0,09900 149,93
15,33 0,09970 149,91
15,41 0,10200 149,91
15,42 0,10310 149,88
15,52 0,10500 149,86
15,57 0,10610 149,86
15,63 0,10800 149,85
15,65 0,10990 149,84
15,71 0,11140 149,84
15,75 0,11330 149,81
15,79 0,11480 149,83
15,84 0,11700 149,83
15,88 0,11740 149,81
16,00 0,11920 149,81
15,98 0,12040 149,81
16,08 0,12080 149,83
16,08 0,12230 149,79
16,18 0,12190 149,79
16,19 0,12230 149,80
16,29 0,12300 149,80
16,33 0,12190 149,80
16,38 0,12150 149,79
16,42 0,12080 149,79
16,46 0,11920 149,79
16,54 0,11890 149,79
16,58 0,11770 149,75
16,61 0,11740 149,75
16,69 0,11590 149,76
16,71 0,11510 149,79
16,81 0,11440 149,79
16,82 0,11330 149,80
16,90 0,11210 149,79
16,92 0,11140 149,79
16,99 0,11060 149,79
16,99 0,10910 149,76
17,07 0,10800 149,75
17,11 0,10690 149,75
17,19 0,10540 149,73
17,26 0,10390 149,71
17,30 0,10240 149,71
17,31 0,10130 149,69
17,40 0,09940 149,66
17,42 0,09900 149,65
17,46 0,09750 149,65
17,56 0,09710 149,63
17,62 0,09600 149,63
17,66 0,09560 149,63
17,67 0,09530 149,60
17,74 0,09410 149,59
17,77 0,09380 149,59
17,80 0,09300 149,58
17,91 0,09220 149,55
17,95 0,09150 149,55
17,98 0,09110 149,54
18,03 0,09070 149,55
18,08 0,09070 149,55
18,13 0,09040 149,52
18,20 0,09040 149,51
18,24 0,09070 149,51
18,26 0,09070 149,50
18,38 0,09110 149,46
18,39 0,09150 149,46
18,43 0,09190 149,45
18,53 0,09190 149,43
18,57 0,09260 149,43
18,64 0,09300 149,40
18,63 0,09380 149,39
18,72 0,09380 149,39
18,77 0,09490 149,36
18,78 0,09560 149,36
18,90 0,09680 149,36
18,94 0,09790 149,36
18,99 0,09860 149,36
19,01 0,09970 149,36
19,08 0,10090 149,36
19,09 0,10240 149,36
19,18 0,10270 149,36
19,21 0,10500 149,34
19,25 0,10690 149,33
19,32 0,10800 149,33
19,34 0,10950 149,33
19,43 0,11100 149,31
19,47 0,11330 149,31
19,55 0,11400 149,30
19,56 0,11620 149,30
19,64 0,11740 149,30
19,70 0,12000 149,30
19,74 0,12230 149,27
19,76 0,12410 149,27
19,84 0,12640 149,26
19,91 0,12710 149,27
19,91 0,13120 149,29
20,01 0,13200 149,29
20,06 0,13460 149,30
20,11 0,13800 149,33
20,13 0,13990 149,33
20,16 0,14210 149,35
20,21 0,14360 149,34
20,26 0,14660 149,34
20,31 0,14850 149,33
20,35 0,15230 149,31
20,42 0,15410 149,31
20,52 0,15750 149,30
20,56 0,16090 149,30
20,60 0,16280 149,30
20,66 0,16650 149,29
20,66 0,16840 149,30
20,75 0,17140 149,30
20,80 0,17360 149,29
20,84 0,17740 149,27
20,92 0,18110 149,27
20,94 0,18300 149,26
20,98 0,18640 149,29
21,07 0,18790 149,29
21,07 0,19050 149,26
21,15 0,19160 149,26
21,17 0,19460 149,26
21,23 0,19610 149,27
21,30 0,19800 149,26
21,32 0,19910 149,26
21,42 0,19950 149,26
21,48 0,20030 149,27
21,49 0,19990 149,27
21,54 0,19990 149,29
21,58 0,19950 149,26
21,65 0,19990 149,26
21,68 0,19950 149,24
21,78 0,19870 149,27
21,83 0,19800 149,27
21,88 0,19760 149,27
21,89 0,19650 149,30
21,94 0,19610 149,30
22,02 0,19500 149,31
22,08 0,19420 149,30
22,10 0,19270 149,30
22,13 0,19120 149,29
22,22 0,18940 149,31
22,29 0,18670 149,31
22,35 0,18520 149,34
22,33 0,18340 149,35
22,43 0,18110 149,35
22,51 0,17920 149,34
22,50 0,17620 149,34
22,60 0,17440 149,34
22,60 0,17290 149,36
22,69 0,17140 149,38
22,71 0,16910 149,38
22,76 0,16800 149,38
22,79 0,16610 149,36
22,85 0,16500 149,36
22,93 0,16280 149,39
22,95 0,16050 149,38
23,03 0,15970 149,38
23,10 0,15820 149,38
23,16 0,15670 149,39
23,14 0,15450 149,39
23,20 0,15380 149,39
23,30 0,15260 149,40
23,33 0,15150 149,40
23,37 0,15070 149,44
23,45 0,15000 149,43
23,46 0,14920 149,43
23,55 0,14960 149,43
23,61 0,14890 149,43
23,61 0,14850 149,46
23,71 0,14850 149,46
23,73 0,14850 149,46
23,77 0,14850 149,46
23,86 0,14920 149,46
23,89 0,14960 149,49
23,96 0,14960 149,51
24,00 0,15110 149,51
24,04 0,15150 149,50
24,14 0,15260 149,52
24,17 0,15380 149,52
24,23 0,15520 149,54
24,26 0,15640 149,56
24,29 0,15790 149,56
24,35 0,15940 149,60
24,40 0,16050 149,61
24,46 0,16280 149,61
24,51 0,16420 149,63
24,54 0,16650 149,65
24,58 0,16870 149,65
24,64 0,17100 149,68
24,72 0,17330 149,73
24,75 0,17550 149,73
24,79 0,17770 149,73
24,87 0,17920 149,73
24,94 0,18260 149,73
24,94 0,18640 149,75
25,02 0,18860 149,79
25,08 0,19240 149,79
25,12 0,19420 149,84
25,13 0,19760 149,84
25,23 0,19990 149,84
25,28 0,20360 149,86
25,33 0,20740 149,89
25,39 0,21110 149,89
25,43 0,21490 149,89
25,50 0,21750 149,93
25,49 0,22200 149,93
25,55 0,22500 149,98
25,59 0,22950 149,99
25,69 0,23250 149,99
25,75 0,23700 150,00
25,79 0,24220 150,01
25,84 0,24530 150,01
25,84 0,24940 150,02
25,91 0,25310 150,06
25,95 0,25800 150,06
26,04 0,26140 150,08
26,09 0,26700 150,10
26,14 0,26930 150,10
26,18 0,27410 150,10
26,20 0,27900 150,10
26,31 0,28200 150,10
26,30 0,28570 150,15
26,41 0,28910 150,18
26,44 0,29290 150,18
26,50 0,29510 150,21
26,53 0,29890 150,23
26,59 0,30190 150,23
26,66 0,30450 150,24
26,70 0,30640 150,24
26,76 0,30830 150,24
26,81 0,31010 150,25
26,84 0,31160 150,29
26,86 0,31310 150,29
26,94 0,31430 150,31
26,98 0,31540 150,33
27,06 0,31650 150,33
27,09 0,31690 150,33
27,16 0,31690 150,33
27,19 0,31760 150,33
27,26 0,31690 150,36
27,27 0,31690 150,39
27,33 0,31650 150,39
27,37 0,31460 150,43
27,49 0,31430 150,44
27,48 0,31200 150,44
27,58 0,31090 150,48
27,58 0,30860 150,48
27,67 0,30710 150,48
27,66 0,30520 150,51
27,73 0,30340 150,54
27,82 0,30110 150,54
27,87 0,29810 150,52
27,88 0,29740 150,51
27,97 0,29480 150,51
27,99 0,29360 150,51
28,03 0,29060 150,51
28,12 0,28910 150,51
28,14 0,28610 150,52
28,24 0,28310 150,55
28,25 0,28050 150,55
28,28 0,27750 150,55
28,35 0,27640 150,54
28,40 0,27340 150,54
28,49 0,27150 150,52
28,50 0,26930 150,55
28,56 0,26740 150,55
28,62 0,26550 150,55
28,67 0,26400 150,58
28,75 0,26290 150,58
28,75 0,26140 150,56
28,80 0,26100 150,56
28,83 0,25910 150,56
28,91 0,25840 150,55
29,01 0,25730 150,54
29,04 0,25610 150,54
29,10 0,25540 150,54
29,14 0,25460 150,54
29,19 0,25460 150,54
29,19 0,25420 150,52
29,28 0,25420 150,51
29,29 0,25460 150,51
29,37 0,25540 150,51
29,42 0,25650 150,51
29,47 0,25730 150,51
29,56 0,25840 150,51
29,56 0,26030 150,52
29,66 0,26100 150,52
29,69 0,26320 150,50
29,71 0,26440 150,51
29,83 0,26700 150,51
29,85 0,26960 150,51
29,92 0,27150 150,51
29,91 0,27450 150,52
30,00 0,27560 150,52
30,05 0,27900 150,51
30,06 0,28090 150,49
30,13 0,28420 150,49
30,20 0,28730 150,46
30,25 0,29140 150,45
30,26 0,29590 150,45
30,33 0,29810 150,45
30,40 0,30340 150,43
30,46 0,30560 150,43
30,50 0,31050 150,43
30,56 0,31500 150,40
30,63 0,32060 150,40
30,62 0,32590 150,40
30,69 0,33040 150,40
30,72 0,33600 150,40
30,77 0,34010 150,39
30,85 0,34580 150,38
30,88 0,34990 150,38
30,95 0,35590 150,39
30,96 0,36040 150,38
31,09 0,36790 150,38
31,10 0,37460 150,35
31,17 0,37990 150,36
31,18 0,38700 150,36
31,23 0,39190 150,34
31,27 0,39900 150,34
31,39 0,40430 150,34
31,41 0,41030 150,34
31,48 0,41930 150,34
31,52 0,42380 150,34
31,55 0,43010 150,31
31,64 0,43580 150,34
31,66 0,44290 150,34
31,73 0,44740 150,35
31,77 0,45380 150,36
31,79 0,45830 150,36
31,86 0,46430 150,36
31,90 0,47140 150,39
31,95 0,47590 150,39
31,99 0,48220 150,40
32,08 0,48640 150,43
32,13 0,49200 150,43
32,19 0,49540 150,40
32,22 0,50100 150,39
32,28 0,50630 150,39
32,33 0,50920 150,38
32,35 0,51410 150,39
32,45 0,51670 150,39
32,48 0,52090 150,39
32,50 0,52240 150,41
32,58 0,52540 150,41
32,65 0,52690 150,44
32,66 0,52840 150,46
32,70 0,52880 150,46
32,76 0,53140 150,48
32,80 0,53400 150,49
32,87 0,53620 150,49
32,90 0,53700 150,50
32,97 0,53890 150,52
33,06 0,53930 150,52
33,07 0,53850 150,52
33,11 0,53700 150,54
33,16 0,53780 150,54
33,22 0,53810 150,55
33,28 0,53810 150,52
33,34 0,53810 150,52
33,35 0,53590 150,52
33,46 0,53480 150,54
33,52 0,53210 150,54
33,56 0,52880 150,55
33,57 0,52650 150,52
33,63 0,52500 150,52
33,69 0,52430 150,55
33,75 0,52200 150,59
33,78 0,52280 150,59
33,83 0,52090 150,61
33,91 0,52010 150,61
33,94 0,51940 150,61
33,97 0,51670 150,61
34,06 0,51640 150,60
34,11 0,51530 150,60
34,12 0,51560 150,58
34,16 0,51380 150,56
34,23 0,51410 150,56
34,33 0,51300 150,59
34,34 0,51190 150,61
34,38 0,51110 150,61
34,43 0,51070 150,61
34,52 0,51190 150,58
34,56 0,51190 150,58
34,62 0,51260 150,61
34,68 0,51300 150,63
34,69 0,51410 150,63
34,79 0,51450 150,61
34,81 0,51600 150,64
34,85 0,51710 150,64
34,89 0,51900 150,63
34,93 0,52050 150,61
34,96 0,52310 150,61
35,04 0,52500 150,56
35,11 0,52760 150,58
35,17 0,53100 150,58
35,22 0,53360 150,58
35,28 0,53660 150,55
35,34 0,53930 150,55
35,33 0,54410 150,55
35,40 0,54600 150,55
35,44 0,55130 150,55
35,52 0,55910 150,51
35,58 0,56250 150,50
35,59 0,56920 150,50
35,69 0,57530 150,51
35,68 0,58160 150,48
35,79 0,58540 150,48
35,83 0,59250 150,45
35,85 0,59850 150,39
35,92 0,60600 150,39
35,98 0,61650 150,36
35,99 0,62170 150,34
36,05 0,63040 150,31
36,13 0,63680 150,31
36,14 0,64580 150,27
36,19 0,65290 150,25
36,31 0,66300 150,25
36,35 0,67460 150,20
36,40 0,68250 150,18
36,40 0,69340 150,18
36,46 0,70200 150,14
36,50 0,71510 150,14
36,55 0,72530 150,11
36,64 0,73690 150,11
36,65 0,74440 150,06
36,76 0,75980 150,05
36,78 0,77630 150,05
36,85 0,78680 150,01
36,90 0,80290 149,99
36,92 0,81300 149,99
36,96 0,83030 150,00
37,04 0,84150 149,96
37,12 0,85800 149,96
37,15 0,87710 149,93
37,22 0,88950 149,91
37,26 0,90940 149,91
37,26 0,92210 149,86
37,35 0,93980 149,84
37,37 0,95400 149,84
37,44 0,97460 149,80
37,51 0,99110 149,80
37,58 1,01250 149,80
37,59 1,03570 149,75
37,67 1,05070 149,71
37,67 1,07140 149,71
37,72 1,08790 149,68
37,76 1,11070 149,69
37,87 1,12610 149,69
37,92 1,15050 149,66
37,92 1,17410 149,66
38,03 1,19210 149,66
38,02 1,21840 149,65
