0,00 -0,22120 197,14
0,04 -0,22050 197,16
0,03 -0,21900 197,16
-0,00 -0,21860 197,19
-0,01 -0,21830 197,23
-0,01 -0,22050 197,23
-0,01 -0,21970 197,25
0,04 -0,21830 197,25
0,04 -0,21860 197,25
0,07 -0,21940 197,27
0,16 -0,21900 197,30
0,22 -0,21900 197,30
0,23 -0,21790 197,31
0,28 -0,21790 197,35
0,35 -0,21790 197,35
0,47 -0,21970 197,36
0,56 -0,21940 197,38
0,67 -0,21940 197,38
0,73 -0,21900 197,41
0,85 -0,21900 197,46
0,93 -0,21970 197,46
1,01 -0,21970 197,49
1,06 -0,21790 197,49
1,25 -0,21940 197,49
1,32 -0,21790 197,52
1,40 -0,21790 197,54
1,59 -0,21790 197,54
1,66 -0,21790 197,52
1,80 -0,21750 197,54
1,83 -0,21830 197,54
2,00 -0,21830 197,56
2,06 -0,22010 197,59
2,18 -0,21970 197,59
2,26 -0,21790 197,59
2,34 -0,21790 197,61
2,48 -0,22090 197,61
2,50 -0,22010 197,61
2,58 -0,21940 197,60
2,69 -0,22120 197,60
2,74 -0,21970 197,60
2,82 -0,22090 197,58
2,93 -0,21940 197,58
3,04 -0,21970 197,59
3,06 -0,21970 197,59
3,17 -0,22090 197,59
3,22 -0,22050 197,58
3,29 -0,21970 197,58
3,35 -0,21970 197,58
3,38 -0,21940 197,60
3,53 -0,21970 197,60
3,52 -0,21940 197,60
3,62 -0,22120 197,61
3,68 -0,22120 197,63
3,78 -0,21970 197,63
3,83 -0,21900 197,61
3,86 -0,21830 197,60
3,94 -0,22010 197,60
3,96 -0,22010 197,63
4,10 -0,22090 197,61
4,10 -0,21900 197,61
4,16 -0,21860 197,60
4,25 -0,21940 197,59
4,26 -0,21860 197,59
4,37 -0,22120 197,58
4,38 -0,21900 197,56
4,46 -0,21830 197,56
4,50 -0,21830 197,54
4,58 -0,21830 197,58
4,67 -0,21900 197,58
4,68 -0,21790 197,55
4,76 -0,21640 197,54
4,80 -0,21600 197,54
4,83 -0,21600 197,54
4,95 -0,21900 197,54
5,01 -0,21860 197,54
5,05 -0,21940 197,55
5,09 -0,21710 197,56
5,16 -0,21970 197,56
5,23 -0,21860 197,52
5,22 -0,21670 197,54
5,28 -0,21750 197,54
5,35 -0,21830 197,54
5,43 -0,21830 197,52
5,47 -0,21790 197,52
5,49 -0,21750 197,52
5,60 -0,21970 197,54
5,63 -0,22050 197,54
5,71 -0,21940 197,55
5,72 -0,21860 197,58
5,81 -0,21940 197,58
5,87 -0,21900 197,58
5,93 -0,22090 197,56
5,98 -0,21940 197,56
5,98 -0,22010 197,55
6,02 -0,21860 197,55
6,10 -0,21860 197,55
6,19 -0,21900 197,56
6,25 -0,22010 197,58
6,25 -0,22050 197,58
6,34 -0,21900 197,59
6,35 -0,22010 197,64
6,41 -0,21860 197,64
6,48 -0,21970 197,68
6,52 -0,21790 197,70
6,58 -0,21830 197,70
6,60 -0,21830 197,74
6,72 -0,21940 197,74
6,72 -0,21750 197,74
6,78 -0,21900 197,79
6,85 -0,21970 197,80
6,87 -0,21710 197,80
6,91 -0,21790 197,81
6,98 -0,21970 197,85
7,04 -0,21900 197,85
7,11 -0,22090 197,88
7,16 -0,21790 197,91
7,18 -0,21830 197,91
7,28 -0,21940 197,93
7,31 -0,22010 197,94
7,33 -0,21670 197,94
7,39 -0,21670 197,99
7,44 -0,21830 198,02
7,55 -0,22010 198,02
7,54 -0,21900 198,09
7,64 -0,21940 198,09
7,64 -0,21670 198,09
7,71 -0,21860 198,13
7,74 -0,21750 198,15
7,79 -0,21750 198,15
7,89 -0,21900 198,19
7,94 -0,21640 198,21
7,96 -0,21640 198,21
8,05 -0,21710 198,23
8,08 -0,21560 198,23
8,14 -0,21640 198,23
8,20 -0,21710 198,24
8,20 -0,21560 198,27
8,31 -0,21640 198,27
8,35 -0,21450 198,30
8,41 -0,21560 198,33
8,42 -0,21520 198,33
8,47 -0,21560 198,35
8,54 -0,21600 198,34
8,60 -0,21450 198,34
8,66 -0,21490 198,36
8,70 -0,21670 198,35
8,75 -0,21410 198,35
8,79 -0,21340 198,35
8,85 -0,21560 198,36
8,87 -0,21410 198,36
8,95 -0,21560 198,38
8,98 -0,21380 198,39
9,04 -0,21520 198,39
9,07 -0,21340 198,38
9,19 -0,21380 198,41
9,18 -0,21300 198,41
9,28 -0,21340 198,43
9,28 -0,21220 198,41
9,35 -0,21190 198,41
9,42 -0,21380 198,40
9,48 -0,21300 198,38
9,50 -0,21340 198,38
9,54 -0,21220 198,38
9,60 -0,21380 198,39
9,68 -0,21190 198,39
9,71 -0,21380 198,39
9,76 -0,21190 198,38
9,80 -0,21300 198,38
9,84 -0,21300 198,38
9,94 -0,21450 198,36
9,99 -0,21450 198,36
10,02 -0,21110 198,36
10,06 -0,21220 198,39
10,14 -0,21220 198,39
10,15 -0,21110 198,38
10,24 -0,21260 198,39
10,24 -0,21150 198,39
10,36 -0,21380 198,40
10,38 -0,21150 198,36
10,41 -0,21220 198,36
10,50 -0,21260 198,35
10,55 -0,21190 198,33
10,60 -0,21260 198,33
10,60 -0,21070 198,30
10,66 -0,21220 198,30
10,76 -0,21300 198,29
10,82 -0,21150 198,26
10,87 -0,21070 198,26
10,88 -0,20920 198,26
10,95 -0,21300 198,24
11,02 -0,21220 198,24
11,06 -0,21150 198,24
11,07 -0,21070 198,20
11,18 -0,21150 198,20
11,22 -0,21150 198,16
11,24 -0,21220 198,14
11,27 -0,21110 198,14
11,36 -0,21150 198,13
11,37 -0,21040 198,11
11,47 -0,21040 198,11
11,48 -0,20920 198,11
11,53 -0,20920 198,09
11,60 -0,20960 198,09
11,67 -0,21110 198,06
11,71 -0,21150 198,06
11,72 -0,20850 198,06
11,78 -0,20890 198,05
11,84 -0,20850 198,04
11,89 -0,21040 198,04
11,98 -0,20920 198,06
11,99 -0,20890 198,06
12,06 -0,21000 198,06
12,14 -0,21000 198,09
12,15 -0,21000 198,13
12,20 -0,20920 198,13
12,28 -0,20960 198,13
12,31 -0,21040 198,14
12,34 -0,20740 198,14
12,45 -0,20890 198,14
12,45 -0,20850 198,19
12,55 -0,20810 198,19
12,58 -0,20890 198,20
12,65 -0,20850 198,25
12,65 -0,20770 198,25
12,74 -0,20890 198,30
12,77 -0,20550 198,34
12,80 -0,20620 198,34
12,91 -0,20700 198,38
12,91 -0,20510 198,38
13,00 -0,20590 198,38
13,04 -0,20810 198,36
13,11 -0,20700 198,40
13,09 -0,20510 198,40
13,20 -0,20660 198,45
13,21 -0,20550 198,46
13,25 -0,20510 198,46
13,37 -0,20740 198,49
13,41 -0,20550 198,51
13,47 -0,20770 198,51
13,51 -0,20620 198,54
13,55 -0,20660 198,56
13,62 -0,20550 198,56
13,61 -0,20550 198,56
13,72 -0,20590 198,58
13,72 -0,20590 198,58
13,78 -0,20440 198,56
13,86 -0,20770 198,59
13,93 -0,20770 198,59
13,96 -0,20510 198,59
14,01 -0,20700 198,58
14,03 -0,20470 198,58
14,08 -0,20660 198,60
14,19 -0,20620 198,58
14,16 -0,20440 198,58
14,27 -0,20700 198,58
14,27 -0,20620 198,56
14,33 -0,20590 198,56
14,39 -0,20510 198,55
14,46 -0,20810 198,54
14,51 -0,20700 198,54
14,57 -0,20660 198,55
14,61 -0,20700 198,51
14,67 -0,20740 198,51
14,74 -0,20590 198,46
14,78 -0,20700 198,48
14,83 -0,20590 198,48
14,89 -0,20810 198,48
14,91 -0,20850 198,46
14,99 -0,20510 198,46
15,04 -0,20620 198,46
15,07 -0,20770 198,45
15,12 -0,20590 198,46
15,15 -0,20620 198,46
15,23 -0,20890 198,45
15,26 -0,20660 198,48
15,34 -0,20810 198,48
15,39 -0,20850 198,46
15,40 -0,20470 198,48
15,44 -0,20620 198,48
15,52 -0,20550 198,48
15,59 -0,20510 198,46
15,63 -0,20360 198,46
15,71 -0,20470 198,46
15,69 -0,20360 198,45
15,79 -0,20550 198,45
15,85 -0,20360 198,45
15,88 -0,20250 198,45
15,93 -0,20320 198,45
15,96 -0,20360 198,48
16,02 -0,20210 198,49
16,06 -0,20140 198,49
16,13 -0,20170 198,51
16,17 -0,19990 198,54
16,24 -0,20060 198,54
16,30 -0,20320 198,51
16,32 -0,20060 198,49
16,35 -0,19990 198,49
16,46 -0,20030 198,48
16,53 -0,20030 198,48
16,52 -0,19910 198,48
16,61 -0,20100 198,48
16,62 -0,19950 198,46
16,71 -0,19800 198,46
16,71 -0,19800 198,48
16,79 -0,19690 198,48
16,86 -0,19760 198,48
16,92 -0,19690 198,46
16,98 -0,19690 198,48
16,99 -0,19540 198,48
17,08 -0,19500 198,49
17,08 -0,19500 198,51
17,14 -0,19420 198,51
17,17 -0,19420 198,54
17,23 -0,19420 198,52
17,31 -0,19420 198,52
17,36 -0,19270 198,54
17,44 -0,19500 198,54
17,43 -0,19240 198,54
17,53 -0,19200 198,52
17,57 -0,19200 198,55
17,59 -0,19120 198,55
17,65 -0,19310 198,55
17,73 -0,19390 198,51
17,75 -0,19200 198,51
17,78 -0,19050 198,54
17,89 -0,19200 198,55
17,93 -0,19120 198,55
17,96 -0,19310 198,59
17,98 -0,19160 198,56
18,09 -0,19310 198,56
18,12 -0,19010 198,59
18,15 -0,19090 198,60
18,24 -0,19120 198,60
18,24 -0,19010 198,60
18,35 -0,19240 198,63
18,36 -0,18940 198,63
18,45 -0,19200 198,63
18,48 -0,18970 198,60
18,52 -0,19240 198,60
18,61 -0,19240 198,59
18,65 -0,19200 198,55
18,71 -0,19200 198,55
18,73 -0,19270 198,52
18,75 -0,19120 198,55
18,79 -0,19120 198,55
18,90 -0,19270 198,55
18,97 -0,19200 198,54
19,00 -0,19310 198,54
19,02 -0,19240 198,56
19,06 -0,19090 198,54
19,17 -0,19270 198,54
19,17 -0,19310 198,55
19,22 -0,19240 198,60
19,29 -0,19350 198,60
19,35 -0,19310 198,58
19,43 -0,19500 198,59
19,46 -0,19240 198,59
19,52 -0,19420 198,58
19,53 -0,19310 198,60
19,62 -0,19460 198,60
19,66 -0,19350 198,59
19,68 -0,19540 198,59
19,79 -0,19610 198,59
19,77 -0,19420 198,60
19,83 -0,19540 198,61
19,88 -0,19650 198,61
19,95 -0,19570 198,65
19,98 -0,19690 198,69
20,07 -0,19720 198,69
20,11 -0,19500 198,73
20,18 -0,19570 198,76
20,20 -0,19610 198,76
20,27 -0,19570 198,77
20,28 -0,19350 198,76
20,33 -0,19610 198,76
20,43 -0,19460 198,76
20,43 -0,19460 198,79
20,53 -0,19390 198,79
20,54 -0,19420 198,79
20,59 -0,19390 198,80
20,70 -0,19460 198,80
20,69 -0,19240 198,80
20,79 -0,19270 198,79
20,83 -0,19200 198,79
20,89 -0,19160 198,80
20,91 -0,19050 198,79
20,98 -0,18940 198,79
21,01 -0,18820 198,77
21,04 -0,18790 198,76
21,13 -0,18640 198,76
21,13 -0,18670 198,75
21,20 -0,18600 198,74
21,24 -0,18410 198,74
21,30 -0,18370 198,71
21,40 -0,18340 198,68
21,44 -0,18260 198,68
21,46 -0,18070 198,65
21,54 -0,18040 198,63
21,60 -0,18190 198,63
21,63 -0,17920 198,59
21,65 -0,17850 198,54
21,76 -0,17850 198,54
21,78 -0,17440 198,52
21,85 -0,17400 198,51
21,88 -0,17400 198,51
21,94 -0,17330 198,48
21,98 -0,17100 198,41
22,02 -0,16840 198,41
22,09 -0,16990 198,36
22,10 -0,16760 198,31
22,17 -0,16800 198,31
22,22 -0,16540 198,27
22,30 -0,16570 198,24
22,35 -0,16570 198,24
22,37 -0,16690 198,18
22,39 -0,16540 198,14
22,51 -0,16420 198,14
22,57 -0,16570 198,10
22,61 -0,16420 198,04
22,61 -0,16390 198,04
22,69 -0,16570 197,98
22,77 -0,16540 197,94
22,76 -0,16500 197,94
22,81 -0,16310 197,90
22,87 -0,16350 197,88
22,95 -0,16500 197,88
22,96 -0,16500 197,84
23,05 -0,16570 197,81
23,11 -0,16760 197,81
23,15 -0,16650 197,79
23,16 -0,16500 197,79
23,22 -0,16690 197,79
23,29 -0,16800 197,75
23,37 -0,16650 197,74
23,40 -0,16950 197,74
23,47 -0,16910 197,73
23,48 -0,17210 197,74
23,57 -0,17250 197,75
23,56 -0,17170 197,75
23,62 -0,17210 197,75
23,66 -0,17210 197,75
23,76 -0,17440 197,75
23,84 -0,17620 197,75
23,87 -0,17590 197,77
23,88 -0,17590 197,77
23,94 -0,17890 197,79
23,98 -0,17810 197,80
24,07 -0,18150 197,80
24,09 -0,17920 197,86
24,18 -0,18070 197,91
24,18 -0,18190 197,91
24,28 -0,18410 197,93
24,29 -0,18150 197,95
24,38 -0,18490 197,95
24,37 -0,18340 197,96
24,48 -0,18710 197,99
24,47 -0,18640 197,99
24,52 -0,18520 197,99
24,64 -0,18710 198,00
24,68 -0,18640 198,00
24,74 -0,18860 197,99
24,78 -0,18710 198,02
24,82 -0,18820 198,02
24,85 -0,18560 198,02
24,92 -0,18900 198,04
25,00 -0,18640 198,04
25,02 -0,18560 198,06
25,11 -0,18710 198,06
25,10 -0,18520 198,06
25,20 -0,18560 198,09
25,24 -0,18490 198,10
25,26 -0,18260 198,10
25,29 -0,18340 198,13
25,37 -0,18340 198,16
25,45 -0,18260 198,16
25,45 -0,17960 198,18
25,55 -0,17770 198,20
25,59 -0,17810 198,20
25,66 -0,17620 198,20
25,67 -0,17290 198,23
25,74 -0,17290 198,23
25,77 -0,17020 198,26
25,85 -0,16800 198,26
25,86 -0,16720 198,26
25,95 -0,16570 198,27
25,97 -0,16280 198,27
26,03 -0,16240 198,27
26,09 -0,15820 198,30
26,16 -0,15750 198,31
26,21 -0,15410 198,31
26,28 -0,15410 198,35
26,26 -0,14890 198,36
26,36 -0,14810 198,36
26,36 -0,14440 198,36
26,47 -0,14250 198,38
26,51 -0,14170 198,38
26,57 -0,13950 198,39
26,59 -0,13730 198,41
26,62 -0,13240 198,41
26,68 -0,13120 198,44
26,74 -0,12820 198,44
26,82 -0,12750 198,44
26,83 -0,12450 198,43
26,92 -0,12450 198,41
26,96 -0,12000 198,41
27,03 -0,12080 198,41
27,04 -0,11700 198,40
27,08 -0,11620 198,40
27,19 -0,11510 198,40
27,23 -0,11400 198,36
27,27 -0,11480 198,36
27,28 -0,11250 198,34
27,33 -0,11210 198,34
27,44 -0,11210 198,34
27,49 -0,11360 198,31
27,54 -0,11250 198,33
27,57 -0,11290 198,33
27,61 -0,11290 198,31
27,64 -0,11550 198,30
27,75 -0,11660 198,30
27,78 -0,11660 198,29
27,81 -0,11660 198,29
27,87 -0,11890 198,29
27,94 -0,12110 198,31
27,99 -0,12340 198,33
28,02 -0,12230 198,33
28,06 -0,12450 198,30
28,09 -0,12450 198,30
28,19 -0,12860 198,30
28,26 -0,12940 198,29
28,30 -0,13270 198,29
28,31 -0,13390 198,29
28,40 -0,13690 198,31
28,40 -0,13650 198,33
28,44 -0,13800 198,33
28,51 -0,14060 198,33
28,59 -0,14290 198,33
28,65 -0,14360 198,33
28,67 -0,14590 198,31
28,71 -0,14850 198,30
28,82 -0,15070 198,30
28,81 -0,15070 198,27
28,90 -0,15230 198,26
28,91 -0,15560 198,26
29,02 -0,15670 198,27
29,05 -0,16010 198,26
29,12 -0,16090 198,26
29,18 -0,16240 198,21
29,18 -0,16280 198,20
29,22 -0,16350 198,20
29,31 -0,16570 198,19
29,38 -0,16760 198,18
29,41 -0,16800 198,18
29,47 -0,16950 198,14
29,48 -0,16800 198,10
29,57 -0,16870 198,10
29,59 -0,16910 198,08
29,68 -0,16950 198,02
29,73 -0,17170 198,02
29,76 -0,17210 197,96
29,80 -0,17100 197,94
29,86 -0,16990 197,94
29,93 -0,17020 197,90
29,98 -0,16910 197,85
29,98 -0,16800 197,85
30,10 -0,16800 197,81
30,08 -0,16390 197,79
30,18 -0,16540 197,79
30,22 -0,16310 197,75
30,24 -0,16010 197,73
30,31 -0,15900 197,73
30,34 -0,15520 197,70
30,40 -0,15260 197,68
30,44 -0,14960 197,68
30,56 -0,14850 197,64
30,53 -0,14400 197,63
30,65 -0,14360 197,63
30,70 -0,13730 197,61
30,70 -0,13310 197,60
30,82 -0,12940 197,56
30,80 -0,12450 197,56
30,91 -0,12230 197,52
30,90 -0,11590 197,49
30,99 -0,11400 197,49
30,99 -0,10690 197,46
31,05 -0,10500 197,45
31,15 -0,09790 197,45
31,16 -0,09190 197,45
31,26 -0,08810 197,45
31,26 -0,08320 197,45
31,36 -0,07880 197,43
31,40 -0,07280 197,40
31,44 -0,07130 197,40
31,51 -0,06260 197,39
31,56 -0,05780 197,39
31,58 -0,05320 197,39
31,66 -0,04870 197,33
31,71 -0,04650 197,31
31,75 -0,04050 197,31
31,81 -0,03750 197,31
31,80 -0,03300 197,30
31,89 -0,02930 197,30
31,97 -0,02850 197,27
32,01 -0,02360 197,26
32,03 -0,02250 197,26
32,12 -0,02170 197,21
32,16 -0,01880 197,24
32,21 -0,01880 197,24
32,27 -0,01760 197,20
32,30 -0,01730 197,18
32,32 -0,01610 197,18
32,43 -0,01690 197,13
32,44 -0,01880 197,14
32,52 -0,01800 197,14
32,52 -0,02030 197,16
32,60 -0,02030 197,18
32,67 -0,02480 197,18
32,73 -0,02480 197,14
32,79 -0,02850 197,11
32,83 -0,03190 197,11
32,84 -0,03380 197,11
32,93 -0,03340 197,11
32,94 -0,02960 197,11
33,02 -0,03000 197,10
33,08 -0,03340 197,09
33,09 -0,03680 197,09
33,13 -0,03490 197,13
33,19 -0,09900 197,14
33,23 -0,13570 197,14
33,31 -0,13840 197,14
33,38 -0,13690 197,15
33,40 -0,13120 197,15
33,47 -0,13090 197,16
33,51 -0,12820 197,16
33,56 -0,12600 197,16
33,59 -0,12450 197,19
33,70 -0,12560 197,19
33,71 -0,12640 197,19
33,79 -0,12450 197,18
33,81 -0,12750 197,23
33,89 -0,12750 197,23
33,96 -0,12790 197,26
33,96 -0,12940 197,26
34,01 -0,13050 197,25
34,05 -0,13200 197,25
34,14 -0,13390 197,26
34,14 -0,13350 197,30
34,23 -0,13730 197,30
34,24 -0,13760 197,33
34,31 -0,13950 197,31
34,41 -0,13990 197,31
34,41 -0,14140 197,33
34,49 -0,14020 197,36
34,51 -0,14140 197,36
34,61 -0,14140 197,38
34,64 -0,14320 197,35
34,67 -0,14250 197,35
34,77 -0,14140 197,36
34,81 -0,13910 197,39
34,84 -0,13730 197,39
34,86 -0,13610 197,43
34,92 -0,13610 197,46
34,95 -0,13390 197,46
35,06 -0,13390 197,49
35,04 -0,12940 197,50
35,15 -0,12750 197,50
35,18 -0,12230 197,51
35,25 -0,12110 197,56
35,29 -0,11510 197,56
35,33 -0,11030 197,56
35,38 -0,10800 197,59
35,40 -0,10200 197,59
35,47 -0,09820 197,60
35,58 -0,09380 197,61
35,61 -0,08630 197,61
35,62 -0,08030 197,61
35,71 -0,07460 197,63
35,78 -0,06750 197,63
35,78 -0,05920 197,64
35,84 -0,05590 197,70
35,90 -0,04800 197,70
35,96 -0,04090 197,70
35,98 -0,03260 197,70
36,07 -0,02400 197,70
36,09 -0,01580 197,70
36,14 -0,00560 197,76
36,20 0,00260 197,76
36,21 0,01130 197,76
36,31 0,01800 197,77
36,34 0,02700 197,77
36,41 0,03860 197,76
36,48 0,04350 197,74
36,52 0,05320 197,74
36,58 0,06080 197,75
36,62 0,06860 197,76
36,63 0,07610 197,76
36,71 0,08290 197,77
36,76 0,08850 197,77
36,84 0,09380 197,77
36,84 0,10350 197,79
36,92 0,10610 197,81
36,93 0,11330 197,81
36,99 0,11810 197,85
37,07 0,12150 197,88
37,10 0,12410 197,88
37,15 0,12560 197,90
37,23 0,12900 197,91
37,28 0,12790 197,91
37,29 0,13050 197,96
37,39 0,12790 197,98
37,38 0,12900 197,98
37,46 0,12600 198,02
37,48 0,12490 198,06
37,54 0,12230 198,06
37,64 0,11700 198,08
37,65 0,11290 198,10
37,75 0,10990 198,10
37,78 0,10390 198,14
37,85 0,09900 198,18
37,88 0,09380 198,18
37,90 0,08930 198,21
37,97 0,08360 198,25
38,02 0,07130 198,25
