-0,03 0,04730 149,90
-0,04 0,04690 149,91
0,00 0,04650 149,91
-0,00 0,04730 149,94
0,01 0,04690 149,96
-0,03 0,04690 149,96
0,02 0,04690 150,00
-0,01 0,04650 150,04
0,01 0,04650 150,06
0,07 0,04690 150,06
0,16 0,04730 150,08
0,17 0,04690 150,09
0,26 0,04690 150,09
0,28 0,04690 150,13
0,38 0,04690 150,13
0,44 0,04730 150,13
0,49 0,04690 150,18
0,66 0,04650 150,23
0,71 0,04760 150,23
0,83 0,04690 150,24
0,86 0,04690 150,25
0,98 0,04730 150,25
1,05 0,04690 150,27
1,21 0,04730 150,30
1,31 0,04730 150,30
1,40 0,04730 150,36
1,58 0,04730 150,36
1,65 0,04690 150,36
1,74 0,04730 150,40
1,87 0,04730 150,43
1,96 0,04690 150,43
2,06 0,04690 150,45
2,11 0,04690 150,49
2,29 0,04730 150,49
2,36 0,04730 150,54
2,41 0,04690 150,58
2,51 0,04690 150,58
2,60 0,04690 150,60
2,66 0,04730 150,61
2,72 0,04730 150,61
2,79 0,04730 150,65
2,86 0,04650 150,70
3,02 0,04690 150,70
3,07 0,04690 150,71
3,15 0,04730 150,70
3,19 0,04730 150,70
3,28 0,04730 150,71
3,32 0,04730 150,74
3,38 0,04730 150,74
3,45 0,04730 150,74
3,50 0,04690 150,76
3,59 0,04730 150,76
3,69 0,04730 150,76
3,75 0,04730 150,74
3,80 0,04730 150,74
3,84 0,04690 150,75
3,89 0,04730 150,75
3,95 0,04730 150,75
4,08 0,04730 150,74
4,12 0,04690 150,71
4,15 0,04730 150,71
4,20 0,04730 150,71
4,30 0,04690 150,68
4,32 0,04690 150,68
4,42 0,04730 150,65
4,48 0,04690 150,63
4,49 0,04690 150,63
4,61 0,04730 150,59
4,63 0,04730 150,59
4,67 0,04690 150,58
4,71 0,04690 150,58
4,77 0,04730 150,56
4,86 0,04730 150,55
4,93 0,04760 150,55
4,97 0,04730 150,59
5,01 0,04730 150,59
5,09 0,04690 150,59
5,15 0,04730 150,55
5,20 0,04650 150,52
5,26 0,04730 150,52
5,32 0,04690 150,49
5,35 0,04690 150,50
5,39 0,04690 150,50
5,45 0,04730 150,50
5,53 0,04730 150,48
5,55 0,04730 150,48
5,65 0,04690 150,49
5,70 0,04730 150,50
5,73 0,04730 150,50
5,75 0,04760 150,51
5,81 0,04730 150,50
5,91 0,04730 150,50
5,92 0,04690 150,50
5,98 0,04730 150,48
6,02 0,04730 150,45
6,07 0,04690 150,45
6,18 0,04690 150,49
6,24 0,04730 150,49
6,27 0,04730 150,49
6,30 0,04690 150,46
6,38 0,04730 150,48
6,43 0,04690 150,48
6,48 0,04730 150,48
6,49 0,04760 150,48
6,54 0,04730 150,48
6,65 0,04730 150,46
6,72 0,04760 150,48
6,70 0,04730 150,48
6,80 0,04760 150,49
6,81 0,04730 150,51
6,85 0,04730 150,51
6,95 0,04690 150,50
6,99 0,04760 150,49
7,05 0,04760 150,50
7,11 0,04760 150,50
7,14 0,04760 150,49
7,22 0,04760 150,46
7,22 0,04760 150,46
7,27 0,04760 150,45
7,32 0,04760 150,43
7,42 0,04760 150,43
7,48 0,04800 150,43
7,54 0,04760 150,40
7,57 0,04760 150,40
7,62 0,04730 150,41
7,62 0,04800 150,40
7,69 0,04760 150,40
7,72 0,04800 150,38
7,82 0,04760 150,39
7,85 0,04760 150,36
7,89 0,04760 150,36
7,99 0,04800 150,34
8,03 0,04760 150,33
8,10 0,04800 150,33
8,14 0,04800 150,31
8,20 0,04800 150,29
8,23 0,04800 150,29
8,30 0,04800 150,25
8,31 0,04840 150,24
8,40 0,04840 150,24
8,41 0,04800 150,25
8,44 0,04870 150,24
8,56 0,04840 150,24
8,54 0,04870 150,20
8,65 0,04800 150,21
8,67 0,04870 150,21
8,75 0,04910 150,20
8,77 0,04950 150,20
8,83 0,04910 150,20
8,91 0,04950 150,23
8,95 0,04990 150,25
9,02 0,04990 150,25
9,06 0,04990 150,29
9,07 0,05030 150,30
9,15 0,05030 150,30
9,20 0,05060 150,30
9,27 0,05100 150,31
9,32 0,05100 150,31
9,32 0,05100 150,30
9,38 0,05210 150,31
9,46 0,05210 150,31
9,54 0,05290 150,31
9,56 0,05360 150,30
9,61 0,05360 150,30
9,67 0,05400 150,31
9,72 0,05470 150,33
9,73 0,05470 150,33
9,80 0,05550 150,34
9,82 0,05550 150,33
9,88 0,05660 150,33
9,97 0,05700 150,27
10,04 0,05810 150,27
10,10 0,05810 150,27
10,09 0,05920 150,26
10,14 0,06000 150,25
10,18 0,06000 150,25
10,29 0,06080 150,26
10,33 0,06190 150,25
10,39 0,06230 150,25
10,43 0,06300 150,23
10,49 0,06410 150,19
10,49 0,06490 150,19
10,59 0,06600 150,15
10,65 0,06640 150,10
10,69 0,06790 150,10
10,69 0,06830 150,08
10,76 0,06940 150,08
10,81 0,07050 150,08
10,90 0,07090 150,05
10,93 0,07160 150,04
11,00 0,07200 150,04
11,04 0,07280 150,01
11,06 0,07350 150,00
11,17 0,07350 150,00
11,15 0,07390 149,95
11,26 0,07390 149,94
11,30 0,07390 149,94
11,32 0,07350 149,93
11,41 0,07310 149,91
11,46 0,07240 149,91
11,45 0,07200 149,88
11,50 0,07160 149,85
11,62 0,07050 149,85
11,64 0,06980 149,81
11,73 0,06940 149,80
11,73 0,06830 149,80
11,78 0,06830 149,76
11,82 0,06710 149,71
11,87 0,06670 149,71
11,99 0,06560 149,69
12,02 0,06450 149,68
12,08 0,06410 149,68
12,13 0,06260 149,68
12,13 0,06190 149,68
12,22 0,06110 149,68
12,27 0,06080 149,68
12,31 0,05960 149,64
12,37 0,05920 149,64
12,41 0,05850 149,63
12,48 0,05740 149,58
12,49 0,05700 149,58
12,52 0,05660 149,56
12,59 0,05620 149,55
12,64 0,05550 149,55
12,72 0,05470 149,51
12,80 0,05470 149,49
12,80 0,05360 149,49
12,90 0,05360 149,48
12,89 0,05360 149,48
13,00 0,05290 149,48
13,04 0,05290 149,52
13,09 0,05250 149,52
13,12 0,05210 149,52
13,15 0,05210 149,56
13,25 0,05250 149,55
13,28 0,05180 149,55
13,35 0,05180 149,56
13,34 0,05180 149,56
13,40 0,05180 149,56
13,49 0,05180 149,58
13,54 0,05180 149,56
13,56 0,05210 149,56
13,62 0,05210 149,55
13,72 0,05250 149,54
13,74 0,05290 149,49
13,76 0,05250 149,49
13,80 0,05320 149,50
13,90 0,05360 149,51
13,93 0,05440 149,51
14,00 0,05470 149,54
14,01 0,05510 149,51
14,07 0,05620 149,49
14,18 0,05620 149,49
14,16 0,05660 149,52
14,22 0,05740 149,54
14,26 0,05850 149,54
14,33 0,05850 149,55
14,37 0,05960 149,55
14,47 0,06080 149,55
14,53 0,06150 149,55
14,53 0,06260 149,58
14,62 0,06340 149,58
14,61 0,06490 149,58
14,67 0,06560 149,58
14,74 0,06640 149,58
14,79 0,06750 149,58
14,88 0,06900 149,61
14,92 0,07050 149,61
14,92 0,07090 149,64
14,99 0,07280 149,65
15,07 0,07420 149,65
15,08 0,07540 149,66
15,15 0,07690 149,70
15,19 0,07840 149,70
15,28 0,08030 149,74
15,29 0,08140 149,75
15,37 0,08320 149,75
15,39 0,08440 149,77
15,48 0,08700 149,81
15,53 0,08740 149,81
15,53 0,09040 149,84
15,59 0,09150 149,89
15,68 0,09340 149,89
15,68 0,09560 149,91
15,79 0,09710 149,94
15,82 0,09860 149,94
15,87 0,09970 149,96
15,89 0,10200 149,98
16,00 0,10310 149,98
16,01 0,10420 149,99
16,09 0,10580 150,01
16,15 0,10650 150,01
16,17 0,10720 150,01
16,26 0,10760 150,02
16,29 0,10760 150,02
16,30 0,10720 150,06
16,34 0,10690 150,06
16,43 0,10650 150,06
16,48 0,10500 150,08
16,55 0,10390 150,09
16,61 0,10270 150,09
16,62 0,10130 150,09
16,66 0,09970 150,10
16,71 0,09820 150,10
16,82 0,09710 150,13
16,87 0,09490 150,13
16,89 0,09300 150,13
16,93 0,09150 150,13
17,00 0,08930 150,13
17,07 0,08810 150,16
17,07 0,08550 150,16
17,12 0,08440 150,16
17,18 0,08170 150,18
17,26 0,08100 150,18
17,30 0,07840 150,19
17,34 0,07650 150,18
17,42 0,07460 150,18
17,47 0,07310 150,19
17,53 0,07200 150,19
17,56 0,07010 150,19
17,62 0,06900 150,15
17,67 0,06790 150,18
17,72 0,06640 150,18
17,78 0,06490 150,15
17,77 0,06380 150,11
17,84 0,06340 150,11
17,92 0,06150 150,10
17,95 0,06110 150,09
18,01 0,06000 150,09
18,04 0,05960 150,08
18,14 0,05920 150,10
18,16 0,05850 150,10
18,23 0,05810 150,10
18,23 0,05780 150,09
18,30 0,05740 150,05
18,32 0,05740 150,05
18,40 0,05740 150,04
18,48 0,05740 150,00
18,50 0,05740 150,00
18,57 0,05740 149,99
18,60 0,05780 149,96
18,69 0,05780 149,96
18,74 0,05850 149,95
18,78 0,05810 149,90
18,83 0,05890 149,90
18,87 0,05890 149,89
18,95 0,06040 149,85
18,96 0,06080 149,85
19,01 0,06190 149,83
19,04 0,06300 149,83
19,15 0,06380 149,83
19,14 0,06520 149,79
19,25 0,06560 149,81
19,32 0,06710 149,81
19,35 0,06900 149,81
19,36 0,06980 149,79
19,45 0,07160 149,79
19,46 0,07240 149,79
19,50 0,07420 149,76
19,60 0,07570 149,75
19,64 0,07730 149,75
19,71 0,07910 149,70
19,76 0,08100 149,65
19,76 0,08360 149,65
19,86 0,08510 149,66
19,92 0,08740 149,63
19,97 0,08930 149,63
19,97 0,09110 149,61
20,05 0,09340 149,59
20,12 0,09640 149,56
20,18 0,09970 149,56
20,18 0,10130 149,54
20,22 0,10420 149,54
20,28 0,10610 149,54
20,36 0,10950 149,50
20,43 0,11140 149,50
20,42 0,11440 149,50
20,48 0,11700 149,46
20,54 0,11960 149,46
20,57 0,12410 149,46
20,63 0,12640 149,46
20,73 0,13010 149,43
20,78 0,13240 149,43
20,78 0,13540 149,41
20,84 0,13760 149,44
20,90 0,14100 149,44
20,95 0,14400 149,44
20,99 0,14590 149,44
21,08 0,14810 149,44
21,14 0,15000 149,43
21,17 0,15190 149,44
21,24 0,15300 149,44
21,23 0,15490 149,48
21,32 0,15490 149,48
21,39 0,15490 149,48
21,38 0,15520 149,50
21,49 0,15490 149,51
21,48 0,15380 149,51
21,59 0,15260 149,52
21,61 0,15150 149,55
21,68 0,15040 149,55
21,72 0,14810 149,54
21,77 0,14590 149,52
21,84 0,14400 149,52
21,85 0,14100 149,58
21,92 0,13950 149,59
21,94 0,13570 149,59
22,02 0,13390 149,63
22,09 0,13010 149,63
22,14 0,12790 149,63
22,16 0,12410 149,64
22,21 0,12000 149,66
22,31 0,11700 149,66
22,35 0,11330 149,65
22,38 0,11140 149,66
22,44 0,10650 149,66
22,51 0,10460 149,66
22,56 0,10090 149,69
22,56 0,09710 149,69
22,61 0,09530 149,70
22,66 0,09220 149,71
22,71 0,09040 149,71
22,78 0,08700 149,70
22,87 0,08550 149,71
22,86 0,08210 149,71
22,94 0,08100 149,71
23,00 0,07880 149,70
23,07 0,07690 149,70
23,09 0,07500 149,70
23,16 0,07310 149,70
23,22 0,07200 149,73
23,21 0,07090 149,75
23,28 0,07050 149,75
23,36 0,06940 149,74
23,37 0,06860 149,73
23,48 0,06790 149,73
23,51 0,06710 149,73
23,58 0,06710 149,73
23,57 0,06710 149,73
23,68 0,06710 149,73
23,70 0,06710 149,70
23,76 0,06710 149,70
23,85 0,06750 149,73
23,87 0,06790 149,68
23,92 0,06830 149,68
23,95 0,06900 149,64
24,04 0,06980 149,66
24,07 0,07130 149,66
24,13 0,07200 149,63
24,15 0,07310 149,64
24,23 0,07500 149,64
24,28 0,07570 149,64
24,34 0,07760 149,65
24,40 0,07910 149,65
24,42 0,08100 149,64
24,49 0,08250 149,66
24,48 0,08470 149,66
24,59 0,08660 149,66
24,61 0,08930 149,68
24,69 0,09190 149,68
24,74 0,09410 149,69
24,78 0,09710 149,70
24,82 0,09860 149,70
24,88 0,10160 149,69
24,93 0,10420 149,71
24,97 0,10800 149,71
25,00 0,11180 149,71
25,06 0,11400 149,70
25,10 0,11740 149,70
25,16 0,12000 149,71
25,24 0,12450 149,77
25,25 0,12710 149,77
25,34 0,13160 149,79
25,37 0,13420 149,84
25,42 0,13880 149,84
25,50 0,14400 149,89
25,55 0,14740 149,90
25,57 0,15190 149,90
25,60 0,15410 149,96
25,66 0,15940 149,96
25,74 0,16280 149,96
25,81 0,16760 149,99
25,81 0,17290 149,99
25,92 0,17620 149,99
25,96 0,18110 150,01
25,97 0,18370 150,02
26,00 0,18710 150,02
26,10 0,19090 150,05
26,11 0,19420 150,04
26,21 0,19650 150,04
26,28 0,19990 150,06
26,32 0,20320 150,09
26,37 0,20510 150,13
26,36 0,20620 150,13
26,47 0,20740 150,16
26,48 0,20850 150,19
26,54 0,20890 150,19
26,58 0,20920 150,23
26,66 0,20850 150,24
26,68 0,20770 150,24
26,76 0,20740 150,20
26,82 0,20620 150,23
26,86 0,20400 150,23
26,87 0,20250 150,24
26,90 0,19990 150,20
26,97 0,19800 150,20
27,04 0,19500 150,20
27,08 0,19050 150,16
27,18 0,18790 150,16
27,23 0,18370 150,19
27,29 0,18000 150,23
27,32 0,17590 150,23
27,32 0,17210 150,25
27,45 0,16720 150,26
27,44 0,16160 150,26
27,55 0,15820 150,26
27,53 0,15340 150,27
27,59 0,15000 150,27
27,62 0,14550 150,30
27,70 0,14170 150,29
27,73 0,13730 150,29
27,83 0,13390 150,29
27,90 0,12970 150,30
27,91 0,12490 150,30
27,97 0,12190 150,31
27,99 0,11740 150,34
28,06 0,11510 150,34
28,13 0,11100 150,34
28,19 0,10910 150,35
28,26 0,10540 150,35
28,26 0,10240 150,38
28,30 0,10050 150,35
28,39 0,09820 150,35
28,41 0,09600 150,39
28,50 0,09410 150,44
28,54 0,09300 150,44
28,59 0,09150 150,44
28,65 0,09000 150,49
28,67 0,08930 150,49
28,69 0,08810 150,49
28,81 0,08740 150,48
28,85 0,08660 150,48
28,86 0,08700 150,50
28,94 0,08590 150,51
28,96 0,08700 150,51
29,02 0,08700 150,55
29,06 0,08810 150,55
29,12 0,08850 150,59
29,16 0,08930 150,59
29,26 0,09000 150,61
29,31 0,09190 150,61
29,36 0,09260 150,61
29,35 0,09450 150,63
29,40 0,09560 150,60
29,53 0,09790 150,59
29,55 0,10050 150,59
29,58 0,10240 150,61
29,61 0,10500 150,61
29,67 0,10760 150,61
29,71 0,11030 150,64
29,82 0,11250 150,65
29,88 0,11620 150,65
29,86 0,12040 150,61
29,97 0,12300 150,60
30,02 0,12750 150,60
30,08 0,12970 150,56
30,11 0,13460 150,54
30,13 0,13760 150,54
30,20 0,14210 150,52
30,23 0,14620 150,52
30,30 0,15070 150,52
30,33 0,15750 150,50
30,42 0,16010 150,49
30,47 0,16690 150,49
30,52 0,17020 150,44
30,54 0,17620 150,43
30,62 0,18070 150,43
30,69 0,18750 150,36
30,71 0,19310 150,34
30,78 0,19840 150,34
30,78 0,20550 150,29
30,85 0,20920 150,25
30,92 0,21640 150,25
30,98 0,22090 150,23
30,98 0,22760 150,20
31,09 0,23210 150,20
31,14 0,23890 150,16
31,18 0,24560 150,13
31,24 0,25010 150,13
31,28 0,25610 150,09
31,29 0,25910 150,09
31,37 0,26480 150,09
31,44 0,26770 150,08
31,48 0,27230 150,08
31,49 0,27710 150,08
31,56 0,27970 150,08
31,58 0,28310 150,06
31,70 0,28460 150,06
31,69 0,28690 150,06
31,79 0,28840 150,04
31,78 0,28910 150,04
31,84 0,29030 150,02
31,94 0,29060 149,99
31,98 0,29060 149,99
32,05 0,29030 149,99
32,09 0,28950 149,99
32,13 0,28840 149,99
32,15 0,28610 149,99
32,24 0,28460 149,98
32,28 0,28200 150,00
32,32 0,27750 150,00
32,36 0,27450 150,01
32,46 0,27070 150,02
32,51 0,26740 150,01
32,50 0,26290 150,01
32,58 0,25990 150,02
32,64 0,25420 150,02
32,71 0,25090 150,02
32,72 0,24560 150,01
32,80 0,23920 150,00
32,82 0,23550 150,00
32,91 0,22990 150,00
32,97 0,22610 150,00
32,96 0,22010 150,00
33,06 0,21600 150,02
33,08 0,21040 150,04
33,12 0,20470 150,04
33,19 0,20100 150,04
33,22 0,19570 150,05
33,28 0,19240 150,05
33,35 0,18710 150,02
33,42 0,18410 150,05
33,46 0,17960 150,05
33,52 0,17620 150,04
33,53 0,17250 150,04
33,59 0,16840 150,04
33,64 0,16570 150,06
33,66 0,16240 150,05
33,73 0,16050 150,05
33,82 0,15750 150,05
33,84 0,15600 150,05
33,90 0,15340 150,04
33,92 0,15110 150,04
34,04 0,15040 150,06
34,05 0,14850 150,06
34,13 0,14810 150,06
34,12 0,14740 150,08
34,18 0,14700 150,09
34,23 0,14700 150,09
34,32 0,14660 150,10
34,39 0,14700 150,10
34,42 0,14740 150,10
34,49 0,14770 150,10
34,52 0,14890 150,10
34,59 0,15040 150,10
34,60 0,15190 150,10
34,65 0,15300 150,08
34,75 0,15520 150,08
34,79 0,15860 150,09
34,85 0,16090 150,11
34,87 0,16420 150,11
34,89 0,16690 150,09
34,96 0,17020 150,10
35,05 0,17330 150,10
35,03 0,17740 150,09
35,11 0,18110 150,08
35,17 0,18640 150,08
35,21 0,19240 150,06
35,26 0,19690 150,06
35,32 0,20320 150,06
35,35 0,20700 150,05
35,39 0,21410 150,05
35,50 0,21940 150,05
35,51 0,22650 150,04
35,60 0,23590 150,04
35,61 0,24150 150,04
35,65 0,25050 150,02
35,73 0,25610 150,02
35,77 0,26510 150,02
35,86 0,27190 150,02
35,87 0,28090 150,04
35,90 0,28800 150,02
35,96 0,29810 150,02
36,06 0,30980 150,02
36,06 0,31650 150,01
36,09 0,32660 150,01
36,21 0,33560 150,02
36,24 0,34730 150,01
36,30 0,35510 150,01
36,32 0,36640 150,01
36,41 0,37880 150,05
36,42 0,38700 150,05
36,50 0,39830 150,02
36,57 0,40690 150,05
36,56 0,41930 150,05
36,66 0,42750 150,06
36,66 0,43990 150,09
36,71 0,44780 150,09
36,77 0,46120 150,08
36,83 0,47510 150,08
36,92 0,48530 150,08
36,92 0,50100 150,08
36,97 0,51450 150,08
37,00 2,99620 150,08
37,08 2,99620 150,08
37,14 2,99590 150,09
37,22 2,99620 150,09
37,24 2,99620 150,09
37,32 2,99660 150,06
37,37 2,99620 150,06
37,42 2,99620 150,04
37,42 2,99660 150,02
37,47 2,99620 150,02
37,54 2,99620 149,99
37,61 2,99590 149,98
37,64 2,99620 149,98
37,69 2,99620 150,00
37,73 2,99620 149,98
37,78 2,99660 149,98
37,88 2,99620 149,96
37,92 2,99660 149,94
37,96 2,99620 149,94
38,01 2,99620 149,94
