-0,03 -0,22500 197,56
-0,06 -0,22460 197,58
-0,07 -0,22270 197,58
-0,08 -0,22350 197,58
-0,07 -0,22430 197,55
-0,03 -0,22430 197,55
-0,07 -0,22430 197,55
-0,00 -0,22390 197,55
-0,03 -0,22350 197,52
0,05 -0,22270 197,52
0,05 -0,22270 197,52
0,15 -0,22350 197,51
0,20 -0,22460 197,51
0,21 -0,22310 197,49
0,29 -0,22310 197,48
0,34 -0,22310 197,48
0,46 -0,22390 197,44
0,59 -0,22240 197,41
0,68 -0,22350 197,41
0,74 -0,22310 197,39
0,82 -0,22390 197,38
0,96 -0,22430 197,38
1,00 -0,22310 197,33
1,15 -0,22160 197,31
1,21 -0,22240 197,31
1,38 -0,22270 197,31
1,51 -0,22270 197,29
1,61 -0,22310 197,27
1,74 -0,22430 197,27
1,77 -0,22390 197,25
1,88 -0,22270 197,24
1,96 -0,22310 197,24
2,12 -0,22390 197,20
2,24 -0,22310 197,21
2,25 -0,22240 197,21
2,41 -0,22460 197,20
2,48 -0,22500 197,19
2,54 -0,22460 197,19
2,62 -0,22390 197,21
2,70 -0,22270 197,23
2,78 -0,22500 197,23
2,86 -0,22460 197,24
2,96 -0,22310 197,27
3,03 -0,22540 197,27
3,11 -0,22390 197,30
3,11 -0,22240 197,35
3,24 -0,22310 197,35
3,28 -0,22200 197,35
3,38 -0,22460 197,38
3,44 -0,22500 197,38
3,52 -0,22350 197,40
3,59 -0,22310 197,43
3,61 -0,22160 197,43
3,70 -0,22460 197,45
3,75 -0,22390 197,45
3,78 -0,22270 197,45
3,83 -0,22200 197,46
3,95 -0,22240 197,46
4,02 -0,22240 197,46
4,08 -0,22390 197,48
4,10 -0,22310 197,51
4,19 -0,22310 197,51
4,20 -0,22350 197,55
4,28 -0,22430 197,58
4,32 -0,22240 197,58
4,44 -0,22430 197,56
4,48 -0,22200 197,58
4,50 -0,22120 197,58
4,54 -0,22200 197,58
4,66 -0,22240 197,58
4,66 -0,22240 197,58
4,75 -0,22350 197,56
4,76 -0,22160 197,55
4,84 -0,22120 197,55
4,94 -0,22240 197,55
4,98 -0,22240 197,55
5,00 -0,22120 197,55
5,10 -0,22240 197,58
5,11 -0,22160 197,58
5,20 -0,22120 197,58
5,27 -0,22270 197,55
5,32 -0,22120 197,56
5,35 -0,22240 197,56
5,44 -0,22120 197,55
5,43 -0,22010 197,54
5,50 -0,22010 197,54
5,53 -0,22050 197,55
5,65 -0,22240 197,58
5,68 -0,22240 197,58
5,75 -0,22160 197,58
5,77 -0,21970 197,58
5,87 -0,22160 197,58
5,87 -0,22050 197,58
5,91 -0,21970 197,58
5,97 -0,21970 197,58
6,04 -0,22090 197,63
6,07 -0,21860 197,65
6,14 -0,21900 197,65
6,19 -0,21860 197,68
6,29 -0,21940 197,70
6,30 -0,22090 197,70
6,38 -0,21940 197,74
6,39 -0,21940 197,76
6,47 -0,21940 197,76
6,48 -0,21970 197,77
6,59 -0,22120 197,79
6,59 -0,21900 197,79
6,65 -0,21900 197,81
6,73 -0,21790 197,81
6,79 -0,21830 197,81
6,85 -0,21830 197,86
6,87 -0,21790 197,86
6,95 -0,21940 197,86
6,97 -0,21830 197,88
7,02 -0,21900 197,91
7,11 -0,21750 197,91
7,13 -0,21900 197,93
7,23 -0,21940 197,95
7,21 -0,21790 197,95
7,31 -0,21900 197,99
7,31 -0,21710 197,99
7,42 -0,21710 197,99
7,47 -0,21600 198,01
7,53 -0,21670 198,04
7,54 -0,21670 198,04
7,62 -0,21670 198,06
7,68 -0,21600 198,06
7,68 -0,21600 198,06
7,74 -0,21560 198,08
7,81 -0,21380 198,10
7,88 -0,21600 198,10
7,89 -0,21380 198,11
7,95 -0,21410 198,11
8,04 -0,21300 198,11
8,04 -0,21190 198,14
8,12 -0,21300 198,14
8,15 -0,21110 198,14
8,23 -0,21220 198,13
8,26 -0,21380 198,15
8,35 -0,21340 198,15
8,39 -0,21260 198,15
8,39 -0,21220 198,18
8,51 -0,21410 198,20
8,55 -0,21300 198,20
8,55 -0,21150 198,21
8,61 -0,21150 198,23
8,70 -0,21260 198,23
8,72 -0,21040 198,21
8,81 -0,21150 198,19
8,83 -0,21000 198,19
8,85 -0,20920 198,19
8,91 -0,20890 198,21
8,95 -0,20700 198,21
9,06 -0,20810 198,19
9,12 -0,20770 198,19
9,11 -0,20740 198,19
9,16 -0,20740 198,19
9,22 -0,20890 198,18
9,27 -0,20740 198,18
9,32 -0,20810 198,14
9,42 -0,20810 198,13
9,44 -0,20620 198,13
9,52 -0,20700 198,15
9,58 -0,20740 198,15
9,61 -0,20810 198,15
9,63 -0,20590 198,15
9,67 -0,20470 198,15
9,78 -0,20700 198,15
9,82 -0,20620 198,14
9,83 -0,20620 198,14
9,92 -0,20660 198,11
9,93 -0,20400 198,11
9,99 -0,20590 198,08
10,06 -0,20360 198,06
10,10 -0,20360 198,06
10,13 -0,20510 198,04
10,24 -0,20510 198,01
10,24 -0,20320 198,01
10,34 -0,20400 198,01
10,35 -0,20250 198,00
10,39 -0,20250 198,00
10,49 -0,20290 197,96
10,48 -0,20060 197,95
10,56 -0,20290 197,95
10,64 -0,20320 197,90
10,65 -0,19990 197,90
10,71 -0,20060 197,90
10,74 -0,19910 197,89
10,83 -0,19950 197,89
10,85 -0,19990 197,89
10,95 -0,19910 197,88
10,94 -0,19910 197,84
11,06 -0,20100 197,84
11,08 -0,19990 197,80
11,16 -0,19990 197,79
11,18 -0,19720 197,79
11,21 -0,19690 197,77
11,26 -0,19800 197,77
11,36 -0,19910 197,77
11,39 -0,19690 197,77
11,45 -0,19800 197,80
11,51 -0,19760 197,80
11,52 -0,19720 197,80
11,56 -0,19760 197,80
11,67 -0,19760 197,81
11,66 -0,19650 197,81
11,77 -0,19690 197,84
11,76 -0,19540 197,85
11,81 -0,19460 197,85
11,89 -0,19270 197,86
11,98 -0,19460 197,88
12,02 -0,19310 197,88
12,07 -0,19420 197,90
12,07 -0,19240 197,91
12,14 -0,19350 197,91
12,18 -0,19200 197,91
12,27 -0,19240 197,93
12,32 -0,19240 197,93
12,34 -0,19050 197,94
12,39 -0,19090 197,91
12,47 -0,19010 197,91
12,53 -0,19050 197,91
12,58 -0,19010 197,91
12,57 -0,19010 197,91
12,64 -0,18860 197,93
12,71 -0,18860 197,94
12,78 -0,19050 197,94
12,85 -0,19010 197,94
12,84 -0,18790 197,91
12,90 -0,18820 197,91
12,96 -0,18670 197,91
13,02 -0,18710 197,93
13,05 -0,18560 197,93
13,14 -0,18860 197,91
13,21 -0,18710 197,90
13,24 -0,18710 197,90
13,30 -0,18750 197,89
13,29 -0,18490 197,88
13,35 -0,18560 197,88
13,43 -0,18560 197,88
13,44 -0,18490 197,85
13,52 -0,18670 197,85
13,56 -0,18490 197,83
13,63 -0,18640 197,81
13,64 -0,18340 197,81
13,72 -0,18490 197,79
13,78 -0,18560 197,77
13,85 -0,18450 197,77
13,89 -0,18410 197,75
13,90 -0,18450 197,77
13,98 -0,18410 197,77
14,02 -0,18340 197,74
14,11 -0,18340 197,73
14,15 -0,18410 197,73
14,19 -0,18260 197,71
14,22 -0,18370 197,69
14,27 -0,18150 197,69
14,33 -0,18220 197,66
14,38 -0,18370 197,66
14,42 -0,18220 197,66
14,52 -0,18300 197,61
14,57 -0,18300 197,61
14,56 -0,18110 197,61
14,66 -0,18110 197,61
14,66 -0,18040 197,63
14,73 -0,18220 197,63
14,79 -0,18110 197,64
14,85 -0,18190 197,64
14,92 -0,18070 197,64
14,97 -0,18040 197,64
15,00 -0,17960 197,66
15,07 -0,18040 197,66
15,12 -0,17960 197,65
15,15 -0,17850 197,65
15,23 -0,18000 197,65
15,26 -0,18000 197,64
15,30 -0,17740 197,65
15,39 -0,17850 197,65
15,43 -0,17810 197,68
15,45 -0,17770 197,69
15,48 -0,17740 197,69
15,54 -0,17660 197,73
15,61 -0,17510 197,73
15,68 -0,17660 197,73
15,70 -0,17440 197,73
15,79 -0,17590 197,75
15,80 -0,17440 197,75
15,89 -0,17550 197,77
15,94 -0,17330 197,77
15,98 -0,17140 197,77
16,01 -0,17060 197,81
16,10 -0,17020 197,83
16,13 -0,17140 197,83
16,20 -0,17100 197,83
16,20 -0,16910 197,80
16,27 -0,16760 197,80
16,34 -0,16760 197,79
16,40 -0,16870 197,77
16,42 -0,16650 197,77
16,49 -0,16690 197,75
16,56 -0,16610 197,76
16,58 -0,16500 197,76
16,63 -0,16460 197,79
16,70 -0,16390 197,81
16,75 -0,16280 197,81
16,83 -0,16050 197,85
16,86 -0,16050 197,86
16,89 -0,16160 197,86
16,95 -0,15750 197,86
16,97 -0,15790 197,88
17,06 -0,15790 197,88
17,07 -0,15670 197,89
17,12 -0,15860 197,91
17,21 -0,15600 197,91
17,27 -0,15560 197,94
17,26 -0,15260 197,95
17,33 -0,15380 197,95
17,42 -0,15300 197,95
17,47 -0,15150 197,98
17,51 -0,15110 197,98
17,57 -0,15150 197,99
17,60 -0,15070 198,00
17,63 -0,15150 198,00
17,69 -0,15260 198,04
17,77 -0,15380 198,08
17,79 -0,15070 198,08
17,86 -0,15070 198,10
17,94 -0,15230 198,15
17,95 -0,15230 198,20
17,98 -0,15150 198,20
18,10 -0,15150 198,20
18,10 -0,15230 198,23
18,15 -0,15110 198,23
18,23 -0,15380 198,24
18,26 -0,15410 198,25
18,28 -0,15070 198,25
18,39 -0,15230 198,24
18,42 -0,15230 198,24
18,45 -0,15410 198,24
18,55 -0,15300 198,25
18,60 -0,15450 198,26
18,61 -0,15260 198,26
18,68 -0,15300 198,27
18,69 -0,15190 198,29
18,76 -0,15190 198,29
18,84 -0,15340 198,29
18,87 -0,15230 198,31
18,94 -0,15340 198,31
18,96 -0,15380 198,33
18,99 -0,15300 198,33
19,10 -0,15520 198,33
19,09 -0,15340 198,33
19,16 -0,15410 198,31
19,25 -0,15520 198,31
19,30 -0,15260 198,33
19,36 -0,15410 198,33
19,39 -0,15450 198,33
19,46 -0,15300 198,30
19,48 -0,15150 198,29
19,56 -0,15300 198,29
19,55 -0,15150 198,27
19,66 -0,15150 198,26
19,68 -0,15110 198,26
19,76 -0,15040 198,26
19,77 -0,14960 198,26
19,80 -0,14850 198,26
19,92 -0,15040 198,26
19,96 -0,14920 198,26
19,98 -0,14890 198,26
20,08 -0,14770 198,23
20,07 -0,14620 198,23
20,14 -0,14770 198,23
20,21 -0,14470 198,21
20,27 -0,14590 198,20
20,26 -0,14250 198,20
20,32 -0,14250 198,20
20,42 -0,14290 198,19
20,45 -0,14140 198,19
20,50 -0,13730 198,18
20,56 -0,13570 198,19
20,60 -0,13610 198,19
20,62 -0,13390 198,19
20,74 -0,13500 198,20
20,75 -0,13160 198,20
20,83 -0,13090 198,20
20,85 -0,13050 198,18
20,92 -0,12940 198,16
20,95 -0,12680 198,16
20,99 -0,12450 198,15
21,04 -0,12300 198,13
21,07 -0,12190 198,13
21,13 -0,12040 198,10
21,23 -0,11850 198,08
21,24 -0,11590 198,08
21,35 -0,11660 198,05
21,34 -0,11180 198,05
21,44 -0,11100 198,05
21,44 -0,10840 198,05
21,55 -0,10760 198,08
21,55 -0,10500 198,08
21,64 -0,10650 198,05
21,68 -0,10160 198,04
21,75 -0,10240 198,04
21,78 -0,09940 198,01
21,82 -0,09640 197,96
21,86 -0,09750 197,96
21,89 -0,09530 197,94
22,00 -0,09530 197,91
21,99 -0,09340 197,91
22,07 -0,09300 197,85
22,12 -0,09340 197,81
22,19 -0,09220 197,81
22,24 -0,09190 197,79
22,26 -0,09000 197,76
22,35 -0,09110 197,76
22,39 -0,09220 197,75
22,44 -0,09260 197,75
22,47 -0,09040 197,75
22,53 -0,09150 197,73
22,62 -0,09220 197,74
22,61 -0,09070 197,74
22,67 -0,09220 197,74
22,74 -0,09340 197,73
22,78 -0,09340 197,73
22,84 -0,09450 197,73
22,91 -0,09560 197,70
22,97 -0,09410 197,70
22,97 -0,09530 197,69
23,03 -0,09600 197,64
23,07 -0,09710 197,64
23,13 -0,09640 197,61
23,20 -0,09970 197,61
23,22 -0,09750 197,61
23,29 -0,09940 197,60
23,34 -0,10050 197,61
23,44 -0,10240 197,61
23,42 -0,10130 197,60
23,48 -0,10160 197,58
23,52 -0,10310 197,58
23,58 -0,10420 197,59
23,62 -0,10420 197,60
23,67 -0,10390 197,60
23,78 -0,10460 197,56
23,82 -0,10460 197,52
23,87 -0,10540 197,52
23,90 -0,10500 197,54
23,97 -0,10650 197,52
23,97 -0,10650 197,52
24,03 -0,10690 197,52
24,13 -0,10800 197,51
24,14 -0,10610 197,51
24,20 -0,10720 197,51
24,28 -0,10610 197,52
24,30 -0,10610 197,52
24,38 -0,10500 197,52
24,40 -0,10500 197,54
24,43 -0,10420 197,54
24,53 -0,10460 197,51
24,60 -0,10240 197,52
24,64 -0,10050 197,52
24,67 -0,09860 197,52
24,71 -0,09940 197,54
24,79 -0,09710 197,54
24,84 -0,09710 197,55
24,86 -0,09380 197,56
24,93 -0,09300 197,56
24,96 -0,08850 197,60
25,05 -0,09000 197,65
25,05 -0,08550 197,65
25,14 -0,08510 197,68
25,15 -0,07990 197,68
25,24 -0,07910 197,68
25,27 -0,07460 197,69
25,31 -0,07420 197,73
25,38 -0,07010 197,73
25,41 -0,06670 197,70
25,50 -0,06490 197,73
25,50 -0,06040 197,73
25,57 -0,05960 197,76
25,64 -0,05510 197,77
25,69 -0,05510 197,77
25,73 -0,04910 197,77
25,81 -0,04540 197,76
25,85 -0,04310 197,76
25,85 -0,03710 197,79
25,96 -0,03410 197,81
25,97 -0,03300 197,81
26,06 -0,03000 197,84
26,05 -0,02170 197,86
26,12 -0,02140 197,86
26,23 -0,01730 197,90
26,22 -0,01240 197,90
26,28 -0,01010 197,90
26,36 -0,00560 197,88
26,43 -0,00370 197,88
26,42 0,00150 197,88
26,48 0,00450 197,84
26,54 0,00790 197,84
26,58 0,01160 197,84
26,66 0,01240 197,85
26,72 0,01690 197,86
26,78 0,01650 197,86
26,81 0,01950 197,90
26,83 0,02030 197,91
26,92 0,01950 197,91
26,98 0,02100 197,94
27,04 0,02250 197,95
27,08 0,02060 197,95
27,13 0,02060 197,95
27,13 0,02210 197,96
27,19 0,02290 197,96
27,24 0,02140 197,99
27,32 0,02290 198,02
27,40 0,02060 198,02
27,39 0,01910 198,02
27,47 0,01730 198,01
27,49 0,01760 198,01
27,56 0,01580 198,04
27,60 0,01540 198,04
27,64 0,01270 198,04
27,74 0,01050 198,06
27,79 0,00900 198,08
27,85 0,00900 198,08
27,87 0,00680 198,13
27,96 0,00300 198,15
27,97 0,00000 198,15
28,04 -0,00190 198,16
28,04 -0,00260 198,16
28,12 -0,00600 198,16
28,18 -0,00600 198,16
28,26 -0,01050 198,15
28,31 -0,01200 198,15
28,34 -0,01160 198,14
28,36 -0,01200 198,14
28,40 -0,01430 198,14
28,50 -0,01500 198,14
28,55 -0,01760 198,13
28,59 -0,01650 198,13
28,67 -0,01910 198,13
28,66 -0,01800 198,13
28,71 -0,01840 198,13
28,76 -0,01910 198,11
28,81 -0,01840 198,11
28,89 -0,01950 198,11
28,93 -0,01690 198,09
28,97 -0,01800 198,05
29,07 -0,01880 198,05
29,08 -0,01650 198,02
29,15 -0,01540 198,04
29,17 -0,01460 198,04
29,26 -0,01240 198,04
29,29 -0,01240 198,00
29,36 -0,00830 198,00
29,41 -0,00680 197,99
29,44 -0,00450 197,99
29,52 -0,00340 197,99
29,53 0,00000 198,00
29,59 0,00300 198,00
29,66 0,00520 198,00
29,69 0,00680 197,99
29,74 0,01160 198,00
29,84 0,01350 198,00
29,84 0,02060 198,00
29,88 0,02400 198,00
29,96 0,02890 198,00
29,98 0,03220 198,02
30,06 0,03640 198,01
30,13 0,03790 198,01
30,14 0,04430 197,99
30,20 0,05100 198,00
30,24 0,05550 198,00
30,28 0,06190 198,00
30,39 0,06600 197,99
30,39 0,07460 197,99
30,46 0,07690 198,00
30,51 0,08320 198,04
30,59 0,08780 198,04
30,61 0,09640 198,05
30,65 0,10500 198,05
30,70 0,10990 198,04
30,76 0,11700 198,04
30,80 0,12150 198,08
30,88 0,13050 198,09
30,90 0,13460 198,09
30,93 0,14360 198,09
31,04 0,14850 198,11
31,05 0,15670 198,11
31,10 0,16570 198,13
31,17 0,17060 198,14
31,22 0,17810 198,14
31,29 0,18150 198,14
31,28 0,18940 198,16
31,37 0,19270 198,16
31,45 0,20100 198,18
31,46 0,20810 198,20
31,51 0,21260 198,20
31,55 0,21790 198,21
31,64 0,21970 198,26
31,70 0,22500 198,26
31,72 0,22840 198,27
31,77 0,22990 198,30
31,84 0,23250 198,30
31,91 0,23480 198,34
31,91 0,23660 198,36
32,01 0,23700 198,36
32,05 0,23620 198,38
32,06 0,23480 198,41
32,10 0,23210 198,41
32,19 0,23100 198,41
32,22 0,23170 198,43
32,26 0,22910 198,43
32,36 0,22540 198,44
32,41 0,22270 198,45
32,47 0,21940 198,45
32,46 0,21670 198,49
32,55 0,21150 198,49
32,55 0,20960 198,49
32,61 0,20700 198,49
32,72 0,20210 198,49
32,77 0,19690 198,49
32,80 0,19500 198,51
32,81 0,19160 198,54
32,87 0,18790 198,54
32,93 0,18190 198,56
33,00 0,17660 198,56
33,08 0,17330 198,56
33,07 0,17100 198,58
33,14 0,16610 198,58
33,18 0,16280 198,58
33,28 0,15790 198,60
33,32 0,15450 198,64
33,38 0,15150 198,64
33,37 0,14920 198,64
33,47 0,14850 198,65
33,54 0,14400 198,65
33,56 0,14360 198,68
33,59 0,14170 198,70
33,64 0,14210 198,70
33,69 0,14020 198,73
33,73 0,13950 198,76
33,78 0,14060 198,76
33,87 0,14140 198,80
33,90 0,13990 198,85
33,98 0,14140 198,85
33,99 0,14360 198,85
34,06 0,14400 198,90
34,12 0,14550 198,90
34,13 0,14740 198,95
34,20 0,15190 199,00
34,25 0,15190 199,00
34,35 0,15600 199,04
34,34 0,16050 199,06
34,39 0,16280 199,06
34,48 0,16690 199,09
34,54 0,16760 199,13
34,55 0,17440 199,13
34,60 0,17770 199,18
34,66 0,18410 199,20
34,72 0,19160 199,20
34,76 0,19610 199,19
34,80 0,20250 199,20
34,90 0,20620 199,20
34,93 0,21520 199,24
34,96 0,21830 199,27
35,02 0,22760 199,27
35,10 0,23100 199,30
35,16 0,24110 199,31
35,18 0,25130 199,31
35,26 0,25690 199,35
35,29 0,26700 199,35
35,32 0,27340 199,35
35,38 0,28460 199,34
35,40 0,29140 199,33
35,47 0,30260 199,33
35,54 0,31430 199,35
35,62 0,32030 199,34
35,60 0,33110 199,34
35,66 0,33750 199,33
35,72 0,34840 199,34
35,82 0,35620 199,34
35,84 0,36900 199,35
35,90 0,37650 199,35
35,93 0,38700 199,35
36,00 0,39900 199,33
36,02 0,40760 199,31
36,06 0,41930 199,31
36,12 0,42820 199,31
36,20 0,43840 199,30
36,23 0,44360 199,30
36,29 0,45600 199,31
36,35 0,46650 199,29
36,42 0,47360 199,29
36,42 0,48490 199,26
36,50 0,48820 199,23
36,55 0,49610 199,23
36,59 0,50250 199,21
36,66 0,50740 199,19
36,72 0,51070 199,19
36,78 0,51670 199,15
36,77 0,52050 199,14
36,84 0,52160 199,14
36,89 0,52200 199,10
36,95 0,52200 199,05
36,98 0,52200 199,05
37,07 0,52310 199,00
37,13 0,52050 198,98
37,13 0,51860 198,98
37,22 0,51560 198,94
37,23 0,51230 198,88
37,32 0,50850 198,88
37,37 0,50250 198,79
37,43 0,49840 198,71
37,42 0,49500 198,71
37,51 0,48860 198,66
37,58 0,48490 198,61
37,59 0,47700 198,61
37,64 0,47140 198,55
37,73 0,46310 198,51
37,79 0,45830 198,51
37,78 0,45150 198,46
37,86 0,44620 198,40
37,94 0,44030 198,40
37,99 0,43090 198,34
38,02 0,42600 198,27
38,07 0,41850 198,27
