-0,03 0,04690 150,77
-0,06 0,04690 150,77
-0,06 0,04730 150,79
-0,06 0,04650 150,83
-0,01 0,04690 150,84
-0,05 0,04730 150,84
-0,04 0,04690 150,83
-0,02 0,04730 150,84
-0,02 0,04730 150,84
0,02 0,04690 150,86
0,12 0,04730 150,88
0,16 0,04650 150,88
0,18 0,04690 150,85
0,25 0,04690 150,86
0,35 0,04730 150,86
0,38 0,04690 150,84
0,51 0,04690 150,85
0,60 0,04690 150,85
0,69 0,04690 150,85
0,79 0,04690 150,80
0,82 0,04690 150,80
0,98 0,04690 150,79
1,07 0,04730 150,79
1,14 0,04690 150,79
1,27 0,04650 150,76
1,39 0,04650 150,74
1,55 0,04690 150,74
1,63 0,04730 150,71
1,72 0,04730 150,70
1,81 0,04690 150,70
1,89 0,04690 150,66
1,99 0,04690 150,61
2,09 0,04690 150,56
2,24 0,04730 150,56
2,28 0,04690 150,51
2,38 0,04730 150,49
2,50 0,04730 150,49
2,59 0,04730 150,45
2,64 0,04690 150,44
2,75 0,04730 150,44
2,80 0,04730 150,40
2,86 0,04690 150,41
2,98 0,04730 150,38
3,03 0,04650 150,38
3,09 0,04690 150,38
3,13 0,04730 150,36
3,26 0,04690 150,36
3,26 0,04650 150,33
3,35 0,04730 150,34
3,48 0,04690 150,34
3,47 0,04690 150,30
3,60 0,04690 150,26
3,66 0,04690 150,26
3,73 0,04690 150,25
3,79 0,04730 150,25
3,81 0,04730 150,25
3,86 0,04650 150,23
3,92 0,04730 150,21
4,04 0,04730 150,21
4,05 0,04650 150,21
4,16 0,04730 150,23
4,21 0,04730 150,23
4,27 0,04690 150,23
4,31 0,04730 150,21
4,38 0,04730 150,21
4,42 0,04650 150,21
4,50 0,04690 150,20
4,58 0,04730 150,20
4,62 0,04730 150,14
4,66 0,04690 150,10
4,69 0,04690 150,10
4,76 0,04690 150,06
4,84 0,04730 150,05
4,89 0,04730 150,05
4,95 0,04690 150,05
4,99 0,04690 150,04
5,09 0,04760 150,05
5,12 0,04650 150,05
5,18 0,04650 150,01
5,18 0,04730 150,01
5,28 0,04650 150,01
5,29 0,04690 149,95
5,39 0,04760 149,93
5,46 0,04650 149,93
5,46 0,04650 149,90
5,54 0,04690 149,89
5,56 0,04730 149,89
5,62 0,04730 149,86
5,71 0,04730 149,85
5,73 0,04690 149,85
5,79 0,04730 149,79
5,89 0,04760 149,76
5,89 0,04690 149,76
5,93 0,04690 149,71
6,04 0,04730 149,70
6,08 0,04730 149,70
6,15 0,04730 149,69
6,17 0,04730 149,70
6,26 0,04730 149,71
6,31 0,04730 149,71
6,34 0,04730 149,70
6,35 0,04650 149,68
6,45 0,04690 149,68
6,47 0,04690 149,64
6,55 0,04730 149,60
6,57 0,04730 149,60
6,68 0,04730 149,56
6,72 0,04730 149,55
6,76 0,04730 149,55
6,77 0,04730 149,54
6,86 0,04690 149,56
6,91 0,04730 149,56
6,93 0,04730 149,54
7,04 0,04730 149,50
7,08 0,04730 149,50
7,13 0,04730 149,49
7,19 0,04730 149,45
7,25 0,04690 149,45
7,25 0,04730 149,41
7,35 0,04760 149,44
7,33 0,04730 149,44
7,44 0,04730 149,43
7,46 0,04690 149,45
7,55 0,04650 149,45
7,59 0,04730 149,44
7,63 0,04730 149,41
7,68 0,04730 149,41
7,74 0,04730 149,38
7,77 0,04730 149,35
7,82 0,04730 149,35
7,86 0,04730 149,34
7,95 0,04730 149,34
7,96 0,04730 149,34
8,06 0,04690 149,31
8,08 0,04730 149,30
8,14 0,04730 149,27
8,17 0,04730 149,27
8,26 0,04730 149,25
8,28 0,04730 149,23
8,35 0,04730 149,23
8,37 0,04730 149,23
8,41 0,04690 149,19
8,51 0,04730 149,19
8,52 0,04760 149,20
8,57 0,04650 149,20
8,68 0,04730 149,20
8,68 0,04760 149,21
8,74 0,04730 149,20
8,83 0,04760 149,20
8,84 0,04730 149,19
8,92 0,04730 149,16
8,99 0,04690 149,16
9,03 0,04730 149,16
9,03 0,04760 149,16
9,15 0,04760 149,16
9,15 0,04730 149,20
9,25 0,04650 149,21
9,24 0,04730 149,21
9,30 0,04760 149,24
9,35 0,04730 149,26
9,44 0,04800 149,26
9,45 0,04730 149,26
9,50 0,04800 149,26
9,56 0,04760 149,26
9,59 0,04800 149,26
9,66 0,04800 149,27
9,69 0,04840 149,27
9,76 0,04800 149,31
9,84 0,04840 149,33
9,85 0,04800 149,35
9,96 0,04840 149,35
9,99 0,04910 149,40
10,04 0,04950 149,41
10,09 0,04870 149,41
10,11 0,04950 149,43
10,19 0,04990 149,41
10,21 0,05030 149,41
10,29 0,05060 149,44
10,31 0,05140 149,43
10,37 0,05140 149,43
10,43 0,05180 149,44
10,52 0,05290 149,46
10,56 0,05250 149,46
10,59 0,05250 149,45
10,60 0,05360 149,43
10,70 0,05440 149,43
10,77 0,05470 149,45
10,76 0,05550 149,45
10,84 0,05550 149,45
10,89 0,05590 149,43
10,94 0,05700 149,45
10,99 0,05740 149,45
11,04 0,05660 149,50
11,09 0,05780 149,55
11,14 0,05810 149,55
11,20 0,05810 149,59
11,24 0,05780 149,60
11,28 0,05850 149,60
11,34 0,05810 149,63
11,39 0,05810 149,65
11,47 0,05810 149,65
11,47 0,05780 149,68
11,60 0,05780 149,70
11,60 0,05740 149,70
11,69 0,05740 149,74
11,68 0,05780 149,79
11,79 0,05700 149,79
11,81 0,05660 149,83
11,89 0,05660 149,90
11,95 0,05620 149,90
11,94 0,05620 149,96
12,00 0,05550 149,99
12,07 0,05550 149,99
12,14 0,05550 150,01
12,15 0,05510 150,05
12,19 0,05470 150,05
12,28 0,05440 150,05
12,30 0,05400 150,09
12,41 0,05400 150,09
12,40 0,05360 150,13
12,47 0,05320 150,15
12,50 0,05360 150,15
12,56 0,05320 150,15
12,59 0,05290 150,13
12,70 0,05320 150,13
12,76 0,05290 150,14
12,81 0,05320 150,18
12,86 0,05320 150,18
12,90 0,05250 150,20
12,91 0,05250 150,19
12,97 0,05290 150,21
13,04 0,05290 150,21
13,10 0,05320 150,20
13,10 0,05320 150,18
13,23 0,05320 150,18
13,22 0,05360 150,20
13,27 0,05360 150,20
13,35 0,05400 150,20
13,42 0,05440 150,20
13,46 0,05470 150,18
13,46 0,05440 150,18
13,54 0,05470 150,15
13,61 0,05590 150,16
13,68 0,05620 150,16
13,72 0,05660 150,16
13,78 0,05660 150,20
13,81 0,05740 150,19
13,87 0,05700 150,19
13,87 0,05850 150,19
13,98 0,05890 150,19
13,99 0,05920 150,19
14,03 0,06000 150,20
14,09 0,06080 150,21
14,18 0,06110 150,21
14,20 0,06230 150,21
14,24 0,06300 150,20
14,27 0,06340 150,20
14,36 0,06450 150,19
14,42 0,06600 150,19
14,49 0,06670 150,19
14,48 0,06750 150,18
14,58 0,06830 150,19
14,59 0,06940 150,19
14,70 0,07010 150,21
14,73 0,07160 150,19
14,75 0,07240 150,19
14,84 0,07350 150,16
14,85 0,07540 150,15
14,90 0,07610 150,15
14,99 0,07800 150,15
15,01 0,07840 150,14
15,09 0,08030 150,15
15,11 0,08100 150,15
15,22 0,08250 150,15
15,22 0,08440 150,11
15,31 0,08590 150,11
15,30 0,08780 150,10
15,39 0,08890 150,09
15,40 0,09070 150,09
15,45 0,09220 150,08
15,53 0,09380 150,08
15,55 0,09530 150,08
15,67 0,09710 150,09
15,68 0,09940 150,06
15,77 0,10090 150,06
15,76 0,10310 150,01
15,82 0,10390 149,98
15,90 0,10610 149,98
15,96 0,10760 149,96
16,02 0,10950 149,94
16,02 0,11250 149,91
16,13 0,11290 149,91
16,14 0,11510 149,84
16,22 0,11620 149,83
16,27 0,11740 149,83
16,28 0,11850 149,84
16,31 0,11890 149,83
16,36 0,11960 149,83
16,48 0,11920 149,81
16,52 0,11960 149,84
16,57 0,11850 149,84
16,61 0,11850 149,84
16,65 0,11740 149,83
16,68 0,11590 149,83
16,78 0,11480 149,83
16,84 0,11290 149,84
16,83 0,11060 149,84
16,94 0,10950 149,85
16,97 0,10800 149,85
17,00 0,10610 149,85
17,07 0,10420 149,81
17,14 0,10270 149,81
17,17 0,10050 149,81
17,18 0,09940 149,79
17,31 0,09750 149,83
17,32 0,09530 149,83
17,38 0,09380 149,85
17,43 0,09150 149,85
17,49 0,09000 149,85
17,53 0,08810 149,86
17,54 0,08660 149,86
17,66 0,08510 149,86
17,69 0,08250 149,91
17,75 0,08210 149,91
17,73 0,08100 149,91
17,85 0,07990 149,90
17,85 0,07910 149,90
17,95 0,07800 149,90
17,94 0,07730 149,89
18,00 0,07690 149,88
18,12 0,07610 149,88
18,11 0,07500 149,88
18,20 0,07500 149,86
18,22 0,07420 149,86
18,26 0,07420 149,89
18,32 0,07420 149,86
18,37 0,07390 149,86
18,42 0,07420 149,85
18,46 0,07460 149,84
18,54 0,07500 149,84
18,62 0,07540 149,85
18,67 0,07540 149,84
18,66 0,07650 149,84
18,75 0,07650 149,86
18,78 0,07730 149,85
18,82 0,07800 149,85
18,89 0,07880 149,83
18,96 0,08030 149,83
19,02 0,08140 149,83
19,03 0,08250 149,79
19,13 0,08290 149,81
19,17 0,08470 149,81
19,22 0,08590 149,81
19,23 0,08700 149,81
19,32 0,08890 149,81
19,38 0,09000 149,79
19,36 0,09150 149,77
19,43 0,09340 149,77
19,52 0,09530 149,77
19,53 0,09640 149,76
19,60 0,09820 149,76
19,62 0,10010 149,73
19,73 0,10270 149,74
19,73 0,10500 149,74
19,83 0,10610 149,71
19,88 0,10880 149,74
19,88 0,11030 149,74
19,92 0,11250 149,74
19,99 0,11510 149,74
20,10 0,11700 149,74
20,13 0,12080 149,74
20,20 0,12260 149,74
20,22 0,12560 149,71
20,29 0,12710 149,71
20,33 0,13050 149,71
20,35 0,13240 149,74
20,39 0,13570 149,74
20,46 0,13730 149,73
20,50 0,13990 149,75
20,56 0,14440 149,75
20,60 0,14660 149,74
20,70 0,15040 149,74
20,71 0,15260 149,74
20,78 0,15600 149,73
20,80 0,15860 149,75
20,91 0,16240 149,75
20,90 0,16610 149,76
21,01 0,16870 149,77
21,00 0,17210 149,77
21,09 0,17510 149,77
21,14 0,17810 149,75
21,20 0,18070 149,75
21,20 0,18410 149,75
21,26 0,18640 149,77
21,33 0,18970 149,77
21,35 0,19200 149,76
21,41 0,19350 149,79
21,50 0,19570 149,79
21,56 0,19720 149,76
21,56 0,19840 149,79
21,62 0,19870 149,79
21,68 0,19870 149,81
21,72 0,19800 149,85
21,78 0,19720 149,85
21,85 0,19570 149,85
21,91 0,19390 149,84
21,93 0,19200 149,84
21,99 0,18970 149,88
22,01 0,18790 149,88
22,11 0,18520 149,88
22,13 0,18260 149,90
22,16 0,17920 149,93
22,27 0,17660 149,93
22,27 0,17360 149,96
22,32 0,17100 150,00
22,40 0,16760 150,00
22,42 0,16390 150,02
22,54 0,16010 150,05
22,56 0,15520 150,09
22,63 0,15190 150,09
22,66 0,14770 150,18
22,72 0,14550 150,18
22,76 0,14170 150,18
22,79 0,13880 150,20
22,82 0,13500 150,24
22,88 0,13310 150,24
22,95 0,13050 150,26
23,04 0,12710 150,31
23,04 0,12600 150,31
23,08 0,12450 150,34
23,14 0,12340 150,36
23,22 0,12110 150,36
23,28 0,11920 150,41
23,35 0,11740 150,44
23,34 0,11620 150,44
23,44 0,11510 150,49
23,44 0,11440 150,51
23,52 0,11330 150,51
23,55 0,11250 150,58
23,64 0,11140 150,58
23,68 0,11210 150,58
23,70 0,11290 150,60
23,81 0,11330 150,63
23,80 0,11360 150,63
23,90 0,11440 150,63
23,90 0,11480 150,64
23,99 0,11550 150,64
23,98 0,11620 150,66
24,10 0,11660 150,68
24,11 0,11740 150,68
24,19 0,11890 150,68
24,21 0,12000 150,73
24,29 0,12150 150,73
24,36 0,12300 150,73
24,40 0,12490 150,74
24,41 0,12560 150,74
24,44 0,12750 150,74
24,50 0,12970 150,77
24,58 0,13240 150,77
24,63 0,13500 150,77
24,67 0,13730 150,79
24,71 0,13990 150,79
24,81 0,14170 150,79
24,85 0,14470 150,80
24,88 0,14660 150,80
24,94 0,15000 150,80
25,00 0,15380 150,79
25,03 0,15640 150,79
25,12 0,16010 150,77
25,13 0,16200 150,81
25,16 0,16650 150,83
25,22 0,16870 150,83
25,26 0,17290 150,84
25,37 0,17510 150,85
25,42 0,18000 150,85
25,43 0,18410 150,86
25,49 0,18710 150,89
25,53 0,19160 150,89
25,57 0,19420 150,91
25,62 0,19910 150,94
25,68 0,20250 150,94
25,74 0,20740 150,95
25,77 0,21300 150,98
25,88 0,21640 150,98
25,93 0,22160 150,96
25,94 0,22540 150,98
26,02 0,23020 150,98
26,03 0,23400 150,99
26,12 0,23960 151,01
26,15 0,24300 151,01
26,20 0,24790 151,00
26,24 0,25390 151,00
26,34 0,25730 151,00
26,33 0,26250 151,00
26,44 0,26550 151,00
26,48 0,26960 151,00
26,54 0,27230 151,01
26,55 0,27680 151,00
26,60 0,27970 151,00
26,66 0,28160 150,99
26,69 0,28310 150,96
26,79 0,28460 150,96
26,80 0,28500 150,95
26,85 0,28540 150,94
26,88 0,28460 150,94
26,99 0,28420 150,91
27,03 0,28460 150,88
27,09 0,28280 150,88
27,10 0,28200 150,84
27,19 0,27900 150,81
27,25 0,27710 150,81
27,25 0,27530 150,77
27,31 0,27410 150,74
27,39 0,27150 150,74
27,46 0,26770 150,71
27,51 0,26440 150,69
27,53 0,25990 150,69
27,56 0,25730 150,64
27,59 0,25280 150,60
27,65 0,25050 150,60
27,74 0,24410 150,58
27,81 0,24000 150,55
27,82 0,23480 150,55
27,87 0,22840 150,52
27,94 0,22540 150,49
27,99 0,22050 150,44
28,02 0,21860 150,44
28,10 0,21410 150,41
28,12 0,21110 150,38
28,23 0,20770 150,38
28,22 0,20400 150,35
28,33 0,20060 150,33
28,32 0,19760 150,33
28,41 0,19500 150,30
28,41 0,19270 150,26
28,48 0,18970 150,26
28,52 0,18750 150,24
28,62 0,18710 150,23
28,64 0,18490 150,23
28,68 0,18340 150,16
28,74 0,18150 150,14
28,77 0,17960 150,14
28,88 0,17920 150,13
28,91 0,18000 150,14
28,92 0,18040 150,14
29,04 0,18000 150,09
29,09 0,17890 150,09
29,14 0,17920 150,09
29,16 0,18000 150,08
29,20 0,18070 150,05
29,23 0,18220 150,05
29,33 0,18260 150,02
29,32 0,18370 150,01
29,43 0,18450 150,01
29,44 0,18600 149,99
29,49 0,18860 149,98
29,60 0,18970 149,98
29,63 0,18940 149,98
29,64 0,19010 149,96
29,68 0,19310 149,96
29,78 0,19460 149,95
29,85 0,19870 149,94
29,89 0,20210 149,94
29,94 0,20470 149,94
29,94 0,20920 149,94
30,05 0,21150 149,94
30,04 0,21600 149,93
30,13 0,21830 149,90
30,14 0,22310 149,89
30,21 0,22570 149,89
30,26 0,23100 149,90
30,35 0,23620 149,89
30,35 0,23960 149,89
30,44 0,24450 149,83
30,46 0,24820 149,83
30,50 0,25460 149,83
30,59 0,25840 149,81
30,66 0,26440 149,77
30,65 0,27110 149,77
30,73 0,27600 149,76
30,79 0,28240 149,74
30,80 0,28690 149,74
30,90 0,29400 149,74
30,96 0,29850 149,75
30,99 0,30600 149,75
31,03 0,31010 149,74
31,08 0,31730 149,73
31,16 0,32700 149,74
31,21 0,33110 149,74
31,24 0,33830 149,71
31,28 0,34280 149,71
31,34 0,34950 149,71
31,41 0,35510 149,70
31,45 0,36260 149,69
31,47 0,37050 149,69
31,57 0,37580 149,70
31,55 0,38290 149,70
31,66 0,38660 149,70
31,66 0,39340 149,74
31,75 0,39750 149,69
31,80 0,40200 149,69
31,82 0,40540 149,68
31,94 0,40990 149,70
31,97 0,41400 149,70
32,02 0,41590 149,71
32,02 0,41890 149,68
32,12 0,42000 149,68
32,14 0,42300 149,69
32,20 0,42490 149,68
32,28 0,42600 149,68
32,32 0,42640 149,66
32,35 0,42680 149,64
32,39 0,42680 149,64
32,46 0,42640 149,61
32,49 0,42450 149,63
32,53 0,42260 149,61
32,61 0,42000 149,61
32,66 0,41810 149,58
32,74 0,41590 149,58
32,78 0,41180 149,58
32,80 0,41100 149,51
32,83 0,40540 149,50
32,94 0,40050 149,50
32,94 0,39680 149,45
33,02 0,39490 149,40
33,06 0,39000 149,40
33,11 0,38590 149,39
33,14 0,38250 149,36
33,22 0,37910 149,36
33,26 0,37730 149,38
33,28 0,37430 149,35
33,36 0,37010 149,35
33,40 0,36560 149,33
33,46 0,36230 149,31
33,53 0,35890 149,31
33,54 0,35290 149,33
33,62 0,35060 149,30
33,65 0,34610 149,30
33,74 0,34350 149,29
33,74 0,33940 149,29
33,80 0,33750 149,29
33,86 0,33490 149,30
33,89 0,33150 149,31
33,98 0,33040 149,31
34,05 0,33040 149,30
34,06 0,33110 149,33
34,10 0,33150 149,33
34,15 0,33000 149,34
34,18 0,32960 149,31
34,25 0,32930 149,35
34,34 0,32890 149,35
34,38 0,32960 149,36
34,47 0,32890 149,40
34,50 0,33040 149,40
34,54 0,33190 149,41
34,59 0,33340 149,39
34,60 0,33340 149,39
34,67 0,33560 149,39
34,73 0,33980 149,38
34,79 0,34130 149,38
34,85 0,34430 149,36
34,89 0,34500 149,38
34,93 0,34840 149,38
34,96 0,35210 149,34
35,05 0,35660 149,33
35,11 0,35850 149,33
35,17 0,36260 149,33
35,21 0,36830 149,34
35,25 0,37390 149,33
35,26 0,37910 149,33
35,32 0,38290 149,33
35,38 0,38780 149,33
35,45 0,39110 149,33
35,53 0,39860 149,35
35,57 0,40760 149,34
35,59 0,41060 149,34
35,64 0,41740 149,36
35,68 0,42230 149,40
35,76 0,43160 149,40
35,78 0,43650 149,40
35,86 0,44590 149,40
35,91 0,45260 149,40
35,98 0,46240 149,43
36,00 0,47290 149,45
36,08 0,47930 149,45
36,08 0,48940 149,50
36,18 0,49760 149,52
36,19 0,50810 149,52
36,26 0,51530 149,52
36,31 0,52720 149,55
36,33 0,54150 149,55
36,43 0,55050 149,58
36,47 0,56250 149,64
36,48 0,57110 149,64
36,51 0,58390 149,66
36,62 0,59290 149,71
36,63 0,60680 149,71
36,69 0,61500 149,75
36,75 0,62770 149,80
36,78 0,64200 149,80
36,84 0,65100 149,81
36,89 0,66490 149,85
36,94 0,67390 149,85
37,02 0,68700 149,86
37,08 0,69600 149,88
37,14 0,70880 149,88
37,18 0,72150 149,88
37,22 0,73090 149,89
37,28 0,74620 149,89
37,34 0,75490 149,91
37,36 0,76650 149,91
37,42 0,77550 149,91
37,43 0,78970 149,91
37,49 0,79800 149,90
37,58 0,81070 149,89
37,65 0,82690 149,89
37,65 0,83960 149,86
37,70 0,85500 149,89
37,79 0,86740 149,89
37,84 0,88500 149,89
37,85 0,90220 149,88
37,96 0,93150 149,88
37,98 2,99660 149,84
38,06 2,99620 149,84
38,06 2,99620 149,84
