-0,04 -0,22050 198,05
-0,05 -0,22050 198,05
-0,05 -0,21940 198,08
-0,02 -0,21860 198,05
-0,05 -0,21940 198,05
0,00 -0,21970 198,06
0,00 -0,22160 198,05
0,02 -0,22010 198,05
0,00 -0,21860 198,06
0,03 -0,22050 198,08
0,14 -0,21940 198,08
0,18 -0,22010 198,09
0,19 -0,21940 198,08
0,23 -0,21900 198,08
0,36 -0,22090 198,10
0,37 -0,21970 198,13
0,50 -0,21940 198,13
0,57 -0,21970 198,15
0,69 -0,22010 198,18
0,80 -0,22160 198,18
0,84 -0,21860 198,19
0,97 -0,22120 198,24
1,06 -0,22160 198,24
1,15 -0,21900 198,26
1,27 -0,21860 198,29
1,38 -0,21900 198,29
1,50 -0,22010 198,33
1,58 -0,21970 198,35
1,73 -0,22200 198,35
1,83 -0,22050 198,34
1,91 -0,22010 198,38
2,03 -0,22050 198,38
2,08 -0,21970 198,38
2,24 -0,22160 198,40
2,27 -0,21970 198,40
2,39 -0,22240 198,39
2,50 -0,22240 198,41
2,54 -0,21970 198,41
2,61 -0,21900 198,43
2,72 -0,22200 198,44
2,80 -0,22050 198,43
2,89 -0,22120 198,43
2,98 -0,22200 198,45
2,98 -0,22050 198,46
3,09 -0,21940 198,46
3,17 -0,21940 198,45
3,26 -0,21970 198,41
3,27 -0,22120 198,41
3,38 -0,22120 198,38
3,45 -0,22050 198,35
3,47 -0,22120 198,35
3,55 -0,22010 198,31
3,62 -0,22160 198,30
3,73 -0,22200 198,30
3,78 -0,22240 198,29
3,81 -0,22010 198,30
3,90 -0,22090 198,30
3,92 -0,22120 198,26
4,00 -0,22160 198,29
4,08 -0,22050 198,29
4,12 -0,22090 198,29
4,20 -0,22120 198,29
4,23 -0,22120 198,29
4,33 -0,22390 198,30
4,35 -0,22200 198,33
4,47 -0,22270 198,33
4,49 -0,22200 198,31
4,57 -0,22160 198,31
4,58 -0,22240 198,31
4,65 -0,22090 198,30
4,68 -0,22090 198,30
4,76 -0,22270 198,30
4,79 -0,22050 198,29
4,86 -0,21970 198,25
4,92 -0,22010 198,25
5,01 -0,22120 198,24
5,08 -0,22240 198,24
5,08 -0,21970 198,24
5,18 -0,22270 198,25
5,18 -0,22010 198,24
5,23 -0,22050 198,24
5,36 -0,22090 198,25
5,40 -0,22160 198,26
5,46 -0,22120 198,26
5,47 -0,22050 198,26
5,56 -0,22240 198,24
5,56 -0,22050 198,24
5,63 -0,22160 198,24
5,67 -0,22160 198,23
5,77 -0,22160 198,23
5,80 -0,21970 198,21
5,82 -0,21970 198,21
5,94 -0,22010 198,21
5,93 -0,21970 198,20
6,02 -0,22120 198,19
6,04 -0,21860 198,19
6,14 -0,21900 198,18
6,18 -0,21900 198,14
6,20 -0,21900 198,14
6,31 -0,22010 198,14
6,29 -0,21940 198,14
6,42 -0,22010 198,14
6,42 -0,21860 198,14
6,46 -0,21900 198,16
6,56 -0,21970 198,16
6,56 -0,21940 198,19
6,65 -0,21790 198,20
6,72 -0,21940 198,20
6,77 -0,22050 198,20
6,82 -0,21940 198,20
6,85 -0,22010 198,20
6,88 -0,21830 198,19
6,97 -0,22010 198,16
7,01 -0,21940 198,16
7,04 -0,21940 198,15
7,14 -0,21900 198,14
7,13 -0,21710 198,14
7,23 -0,22090 198,14
7,25 -0,21940 198,10
7,34 -0,22050 198,10
7,38 -0,21830 198,08
7,42 -0,21970 198,05
7,51 -0,21790 198,05
7,52 -0,21860 198,04
7,59 -0,21670 198,02
7,64 -0,21900 198,02
7,71 -0,21830 198,01
7,73 -0,21860 198,00
7,79 -0,21600 198,00
7,84 -0,21860 197,99
7,91 -0,21830 197,98
7,92 -0,21520 197,98
8,01 -0,21710 197,96
8,01 -0,21560 197,95
8,05 -0,21560 197,95
8,16 -0,21670 197,91
8,21 -0,21640 197,90
8,24 -0,21670 197,90
8,28 -0,21600 197,89
8,32 -0,21560 197,86
8,38 -0,21640 197,86
8,47 -0,21490 197,84
8,52 -0,21410 197,84
8,51 -0,21380 197,84
8,61 -0,21640 197,84
8,65 -0,21600 197,81
8,72 -0,21600 197,81
8,74 -0,21450 197,79
8,79 -0,21260 197,80
8,88 -0,21490 197,80
8,92 -0,21410 197,80
8,99 -0,21340 197,79
9,02 -0,21300 197,79
9,05 -0,21450 197,77
9,10 -0,21190 197,74
9,16 -0,21190 197,74
9,25 -0,21300 197,70
9,25 -0,21300 197,70
9,35 -0,21380 197,70
9,34 -0,21150 197,68
9,39 -0,21300 197,63
9,51 -0,21380 197,63
9,50 -0,21150 197,59
9,58 -0,21150 197,58
9,62 -0,21110 197,58
9,65 -0,21040 197,58
9,70 -0,21190 197,56
9,78 -0,21260 197,56
9,85 -0,21220 197,52
9,88 -0,21040 197,54
9,96 -0,21070 197,54
9,95 -0,21040 197,52
10,02 -0,20850 197,51
10,07 -0,20920 197,51
10,12 -0,20850 197,46
10,17 -0,20850 197,49
10,22 -0,20960 197,49
10,33 -0,20920 197,52
10,34 -0,21000 197,54
10,37 -0,20850 197,54
10,46 -0,20890 197,52
10,48 -0,21040 197,55
10,57 -0,20960 197,55
10,57 -0,20770 197,56
10,64 -0,20960 197,60
10,68 -0,20770 197,60
10,73 -0,20740 197,64
10,77 -0,20660 197,66
10,86 -0,20810 197,66
10,92 -0,21000 197,69
10,98 -0,21000 197,73
10,98 -0,20620 197,73
11,04 -0,20810 197,75
11,09 -0,20660 197,73
11,15 -0,20770 197,73
11,23 -0,20740 197,73
11,27 -0,20590 197,73
11,34 -0,20740 197,73
11,34 -0,20470 197,74
11,39 -0,20510 197,75
11,43 -0,20440 197,75
11,53 -0,20700 197,76
11,59 -0,20400 197,74
11,59 -0,20320 197,74
11,64 -0,20440 197,76
11,68 -0,20400 197,73
11,74 -0,20400 197,73
11,79 -0,20510 197,70
11,86 -0,20360 197,70
11,96 -0,20470 197,70
11,94 -0,20510 197,73
12,05 -0,20510 197,73
12,07 -0,20440 197,73
12,10 -0,20250 197,71
12,14 -0,20210 197,69
12,19 -0,20250 197,69
12,24 -0,20210 197,68
12,34 -0,20170 197,66
12,41 -0,20170 197,66
12,41 -0,19990 197,64
12,51 -0,20170 197,61
12,55 -0,20030 197,58
12,60 -0,20170 197,58
12,59 -0,19870 197,59
12,71 -0,19800 197,59
12,76 -0,19840 197,59
12,77 -0,17890 197,59
12,86 -0,19720 197,60
12,91 -0,20170 197,60
12,96 -0,20590 197,60
12,99 -0,20470 197,60
13,02 -0,20210 197,60
13,06 -0,20250 197,63
13,12 -0,20140 197,63
13,19 -0,20210 197,63
13,24 -0,19950 197,65
13,33 -0,20250 197,65
13,32 -0,20170 197,68
13,43 -0,20210 197,68
13,46 -0,20170 197,68
13,52 -0,20100 197,66
13,58 -0,19990 197,65
13,59 -0,19840 197,65
13,69 -0,19910 197,64
13,68 -0,19950 197,66
13,75 -0,19950 197,66
13,81 -0,19990 197,68
13,83 -0,19760 197,69
13,87 -0,19760 197,69
13,96 -0,19870 197,71
14,02 -0,19870 197,74
14,03 -0,19570 197,74
14,10 -0,19760 197,79
14,14 -0,19540 197,81
14,24 -0,19840 197,81
14,24 -0,19720 197,83
14,33 -0,19950 197,85
14,35 -0,19650 197,85
14,41 -0,19950 197,88
14,45 -0,19690 197,90
14,50 -0,19690 197,90
14,60 -0,19720 197,94
14,64 -0,19800 197,96
14,66 -0,19540 197,96
14,70 -0,19690 198,01
14,75 -0,19570 198,05
14,86 -0,19720 198,05
14,89 -0,19650 198,06
14,96 -0,19570 198,09
15,00 -0,19760 198,09
15,03 -0,19500 198,10
15,06 -0,19650 198,14
15,15 -0,19540 198,14
15,17 -0,19570 198,20
15,23 -0,19350 198,24
15,28 -0,19460 198,24
15,33 -0,19350 198,26
15,40 -0,19690 198,27
15,44 -0,19690 198,27
15,49 -0,19690 198,29
15,56 -0,19690 198,35
15,58 -0,19690 198,35
15,67 -0,19500 198,39
15,71 -0,19390 198,41
15,71 -0,19310 198,41
15,80 -0,19420 198,41
15,82 -0,19270 198,44
15,91 -0,19460 198,44
15,92 -0,19240 198,48
16,02 -0,19160 198,51
16,07 -0,19310 198,51
16,13 -0,19200 198,54
16,13 -0,19120 198,55
16,18 -0,19200 198,55
16,27 -0,19050 198,55
16,30 -0,18900 198,55
16,34 -0,19010 198,55
16,41 -0,18970 198,60
16,49 -0,18940 198,64
16,49 -0,18640 198,64
16,55 -0,18520 198,69
16,58 -0,18640 198,71
16,64 -0,18600 198,71
16,66 -0,18520 198,71
16,79 -0,18670 198,73
16,81 -0,18410 198,73
16,84 -0,18520 198,74
16,90 -0,18450 198,76
16,93 -0,18370 198,76
17,00 -0,18190 198,80
17,08 -0,18260 198,77
17,09 -0,18190 198,77
17,16 -0,18300 198,77
17,21 -0,18190 198,79
17,27 -0,17850 198,79
17,35 -0,18040 198,81
17,40 -0,18070 198,83
17,44 -0,17920 198,83
17,46 -0,17770 198,81
17,50 -0,17700 198,79
17,57 -0,17920 198,79
17,62 -0,17770 198,79
17,65 -0,17590 198,80
17,71 -0,17590 198,80
17,75 -0,17660 198,81
17,80 -0,17550 198,83
17,89 -0,17620 198,83
17,93 -0,17550 198,76
17,95 -0,17510 198,73
18,04 -0,17740 198,73
18,12 -0,17740 198,70
18,14 -0,17510 198,68
18,21 -0,17620 198,68
18,26 -0,17740 198,66
18,29 -0,17590 198,61
18,32 -0,17700 198,61
18,37 -0,17700 198,60
18,45 -0,17660 198,59
18,46 -0,17620 198,59
18,53 -0,17770 198,54
18,61 -0,17850 198,52
18,63 -0,17890 198,52
18,71 -0,17920 198,50
18,72 -0,18040 198,48
18,80 -0,18070 198,48
18,81 -0,17890 198,48
18,89 -0,17920 198,41
18,97 -0,17960 198,41
19,01 -0,18070 198,39
19,02 -0,18070 198,38
19,07 -0,18110 198,38
19,12 -0,18070 198,38
19,19 -0,18260 198,31
19,29 -0,18340 198,31
19,33 -0,18190 198,29
19,33 -0,18300 198,26
19,40 -0,18260 198,26
19,49 -0,18410 198,27
19,50 -0,18410 198,26
19,53 -0,18340 198,26
19,62 -0,18490 198,25
19,62 -0,18260 198,24
19,71 -0,18340 198,24
19,78 -0,18340 198,21
19,84 -0,18410 198,20
19,86 -0,18520 198,20
19,92 -0,18260 198,19
19,95 -0,18410 198,16
20,02 -0,18220 198,16
20,10 -0,18450 198,16
20,13 -0,18410 198,15
20,18 -0,18300 198,15
20,24 -0,18110 198,14
20,25 -0,18000 198,11
20,33 -0,18070 198,11
20,34 -0,17960 198,09
20,39 -0,17890 198,09
20,46 -0,17810 198,09
20,51 -0,17810 198,04
20,55 -0,17660 198,01
20,66 -0,17770 198,01
20,64 -0,17470 197,94
20,76 -0,17620 197,95
20,78 -0,17330 197,95
20,85 -0,17440 197,93
20,87 -0,17020 197,90
20,91 -0,17100 197,90
21,02 -0,16910 197,88
21,05 -0,16870 197,86
21,11 -0,16610 197,86
21,10 -0,16500 197,85
21,22 -0,16460 197,84
21,21 -0,16350 197,84
21,28 -0,16200 197,83
21,33 -0,15860 197,83
21,41 -0,15940 197,83
21,48 -0,15750 197,80
21,51 -0,15670 197,77
21,57 -0,15490 197,77
21,61 -0,15450 197,75
21,66 -0,15380 197,73
21,70 -0,15260 197,73
21,73 -0,14890 197,71
21,82 -0,15070 197,70
21,87 -0,14770 197,69
21,87 -0,14440 197,69
21,96 -0,14550 197,69
21,98 -0,14250 197,70
22,01 -0,14170 197,70
22,12 -0,14290 197,70
22,18 -0,14020 197,73
22,18 -0,13990 197,73
22,29 -0,13950 197,73
22,29 -0,13910 197,71
22,36 -0,13950 197,71
22,39 -0,13690 197,73
22,45 -0,13650 197,70
22,52 -0,13950 197,70
22,54 -0,13730 197,69
22,64 -0,13880 197,68
22,68 -0,13840 197,68
22,72 -0,13730 197,66
22,72 -0,13760 197,66
22,79 -0,13880 197,66
22,86 -0,13880 197,65
22,94 -0,14290 197,66
23,00 -0,14140 197,66
23,04 -0,14470 197,68
23,10 -0,14660 197,70
23,14 -0,14550 197,70
23,15 -0,14590 197,70
23,23 -0,14810 197,70
23,24 -0,14770 197,70
23,36 -0,15070 197,71
23,36 -0,15190 197,73
23,41 -0,15150 197,73
23,45 -0,15340 197,73
23,54 -0,15380 197,74
23,55 -0,15640 197,74
23,64 -0,15860 197,76
23,68 -0,15970 197,77
23,70 -0,15820 197,77
23,80 -0,16050 197,76
23,82 -0,15860 197,77
23,88 -0,16010 197,77
23,94 -0,15820 197,77
24,01 -0,16050 197,81
24,00 -0,15820 197,81
24,11 -0,16240 197,83
24,17 -0,16090 197,81
24,17 -0,16200 197,81
24,22 -0,16010 197,85
24,26 -0,16240 197,89
24,32 -0,16240 197,89
24,41 -0,16280 197,93
24,47 -0,16500 197,94
24,45 -0,16390 197,94
24,52 -0,16310 197,95
24,58 -0,16390 197,98
24,67 -0,16460 197,98
24,72 -0,16570 198,02
24,77 -0,16350 198,06
24,82 -0,16390 198,06
24,86 -0,16310 198,08
24,88 -0,16090 198,08
24,98 -0,16350 198,08
24,97 -0,16090 198,11
25,07 -0,16050 198,13
25,12 -0,15940 198,13
25,15 -0,16010 198,14
25,22 -0,15750 198,16
25,27 -0,15600 198,16
25,28 -0,15520 198,19
25,38 -0,15380 198,21
25,39 -0,15110 198,21
25,48 -0,14960 198,23
25,49 -0,14590 198,21
25,53 -0,14360 198,21
25,59 -0,14400 198,19
25,68 -0,13990 198,19
25,71 -0,13760 198,19
25,79 -0,13310 198,16
25,78 -0,13010 198,11
25,85 -0,12790 198,11
25,92 -0,12300 198,10
26,00 -0,12190 198,08
26,03 -0,11770 198,08
26,08 -0,11480 198,09
26,08 -0,11180 198,06
26,14 -0,10910 198,06
26,22 -0,10720 198,04
26,29 -0,10460 198,02
26,30 -0,10310 198,02
26,40 -0,10050 198,04
26,45 -0,09680 198,02
26,49 -0,09260 198,02
26,54 -0,08850 197,99
26,57 -0,08470 198,00
26,59 -0,08060 198,00
26,67 -0,07800 197,94
26,75 -0,07690 197,93
26,81 -0,07500 197,93
26,83 -0,07350 197,90
26,88 -0,07090 197,86
26,90 -0,06790 197,86
27,00 -0,06600 197,85
27,06 -0,06380 197,85
27,10 -0,06110 197,85
27,14 -0,05780 197,86
27,19 -0,06000 197,90
27,26 -0,05740 197,90
27,30 -0,05810 197,88
27,31 -0,05700 197,89
27,39 -0,05740 197,89
27,41 -0,05810 197,88
27,53 -0,05960 197,90
27,52 -0,05810 197,90
27,62 -0,06000 197,86
27,65 -0,06040 197,85
27,67 -0,06340 197,85
27,75 -0,06520 197,84
27,77 -0,06560 197,83
27,88 -0,06830 197,83
27,91 -0,07130 197,79
27,93 -0,07200 197,75
27,97 -0,07420 197,75
28,07 -0,07840 197,74
28,11 -0,08030 197,71
28,17 -0,08250 197,71
28,22 -0,08470 197,73
28,27 -0,08590 197,70
28,29 -0,08780 197,70
28,33 -0,08890 197,71
28,38 -0,09190 197,73
28,46 -0,09490 197,73
28,49 -0,09530 197,71
28,53 -0,10010 197,73
28,62 -0,10270 197,73
28,65 -0,10420 197,71
28,68 -0,10420 197,70
28,78 -0,10880 197,70
28,83 -0,11210 197,70
28,87 -0,11100 197,70
28,88 -0,11440 197,70
28,93 -0,11440 197,71
29,04 -0,11660 197,69
29,06 -0,11810 197,69
29,10 -0,11850 197,68
29,18 -0,12340 197,68
29,20 -0,12110 197,68
29,24 -0,12230 197,69
29,30 -0,12190 197,69
29,34 -0,12110 197,69
29,41 -0,12340 197,69
29,50 -0,12260 197,74
29,55 -0,12230 197,74
29,59 -0,12410 197,75
29,59 -0,12040 197,74
29,69 -0,12190 197,74
29,72 -0,11770 197,76
29,80 -0,11890 197,77
29,83 -0,11740 197,77
29,88 -0,11250 197,80
29,95 -0,11250 197,83
29,99 -0,10950 197,83
30,06 -0,10840 197,86
30,08 -0,10500 197,85
30,15 -0,10270 197,85
30,19 -0,09820 197,86
30,21 -0,09640 197,88
30,31 -0,09070 197,88
30,31 -0,08590 197,91
30,41 -0,08320 197,94
30,41 -0,07910 197,94
30,50 -0,07650 197,95
30,50 -0,07050 197,99
30,58 -0,06600 197,99
30,63 -0,06110 198,05
30,70 -0,05360 198,08
30,72 -0,04950 198,08
30,75 -0,04390 198,05
30,82 -0,03750 198,05
30,86 -0,03340 198,05
30,96 -0,02930 198,08
30,97 -0,02100 198,08
31,06 -0,01730 198,08
31,10 -0,00940 198,08
31,17 -0,00340 198,11
31,20 0,00410 198,11
31,21 0,01050 198,10
31,28 0,01690 198,10
31,36 0,02290 198,10
31,39 0,02930 198,10
31,45 0,03490 198,08
31,51 0,03980 198,08
31,58 0,04460 198,05
31,58 0,05250 198,06
31,63 0,05510 198,06
31,67 0,05960 198,09
31,73 0,06260 198,08
31,81 0,06560 198,08
31,82 0,07090 198,08
31,91 0,07420 198,06
31,97 0,07730 198,06
32,02 0,07760 198,08
32,07 0,08060 198,06
32,08 0,08250 198,06
32,14 0,08170 198,05
32,18 0,08400 198,02
32,26 0,08400 198,02
32,31 0,08210 198,05
32,38 0,07910 198,04
32,38 0,07840 198,04
32,49 0,07570 198,05
32,48 0,07460 198,06
32,58 0,07310 198,06
32,58 0,06980 198,09
32,68 0,06260 198,06
32,74 0,05920 198,06
32,75 0,05740 198,09
32,79 0,05210 198,09
32,85 0,04690 198,09
32,93 0,04050 198,09
32,99 0,03600 198,10
33,00 0,03260 198,10
33,10 0,02480 198,09
33,10 0,01950 198,09
33,20 0,01240 198,09
33,21 0,01010 198,09
33,30 0,00490 198,09
33,29 0,00040 198,09
33,37 -0,00640 198,06
33,39 -0,01050 198,08
33,45 -0,01270 198,08
33,53 -0,02170 198,06
33,58 -0,02480 198,05
33,65 -0,03190 198,05
33,64 -0,03530 198,05
33,75 -0,04090 198,06
33,79 -0,04430 198,06
33,82 -0,04800 198,05
33,91 -0,05210 198,05
33,90 -0,05440 198,05
34,01 -0,05810 198,02
34,02 -0,05850 198,02
34,07 -0,06150 198,02
34,14 -0,06260 198,02
34,16 -0,06340 198,05
34,24 -0,06450 198,05
34,29 -0,06450 198,02
34,37 -0,06490 198,04
34,38 -0,06340 198,04
34,41 -0,06230 198,04
34,46 -0,06190 198,04
34,56 -0,06340 198,06
34,55 -0,05920 198,06
34,61 -0,05920 198,08
34,68 -0,05550 198,05
34,77 -0,05320 198,05
34,78 -0,04990 198,08
34,86 -0,04500 198,10
34,88 -0,04160 198,10
34,90 -0,03750 198,09
34,99 -0,03560 198,06
35,01 -0,02890 198,06
35,12 -0,02510 198,06
35,17 -0,01760 198,05
35,19 -0,01090 198,05
35,28 -0,00450 198,05
35,31 0,00260 198,06
35,33 0,00830 198,06
35,37 0,01840 198,08
35,42 0,02510 198,06
35,50 0,03260 198,06
35,53 0,04460 198,06
35,60 0,05030 198,06
35,67 0,06040 198,06
35,69 0,06790 198,05
35,72 0,08060 198,06
35,79 0,08700 198,06
35,83 0,09860 198,05
35,92 0,10720 198,04
35,98 0,11740 198,04
36,04 0,13090 198,05
36,08 0,13910 198,04
36,12 0,15300 198,04
36,19 0,15970 198,04
36,23 0,17290 198,06
36,24 0,18220 198,06
36,32 0,19240 198,02
36,40 0,20620 198,02
36,41 0,21450 198,02
36,49 0,22540 198,05
36,51 0,23250 198,08
36,60 0,24190 198,08
36,65 0,24790 198,11
36,70 0,25690 198,14
36,70 0,26210 198,14
36,81 0,27000 198,18
36,81 0,27680 198,19
36,88 0,28090 198,19
36,92 0,28200 198,21
37,00 0,28460 198,27
37,00 0,28730 198,27
37,07 0,28840 198,27
37,14 0,29060 198,30
37,21 0,28800 198,30
37,22 0,28950 198,31
37,32 0,28500 198,36
37,33 0,28280 198,36
37,41 0,27710 198,40
37,46 0,27380 198,43
37,50 0,26660 198,43
37,52 0,26250 198,44
37,64 0,25460 198,46
37,63 0,24790 198,46
37,69 0,24150 198,46
37,76 0,23320 198,49
37,78 0,22460 198,49
37,81 0,21450 198,55
37,91 0,20620 198,59
37,99 0,19650 198,59
38,02 0,18560 198,59
