-0,09 -0,23060 172,98
-0,07 -0,22990 172,95
-0,04 -0,23100 172,93
-0,09 -0,22950 172,93
-0,09 -0,23100 172,91
-0,09 -0,23100 172,89
-0,03 -0,23140 172,89
-0,06 -0,22910 172,89
0,00 -0,23210 172,89
0,00 -0,23020 172,89
0,04 -0,23020 172,90
0,08 -0,23100 172,88
0,15 -0,23170 172,88
0,23 -0,23250 172,88
0,29 -0,23170 172,86
0,35 -0,23250 172,86
0,43 -0,23210 172,85
0,54 -0,23250 172,85
0,64 -0,23290 172,85
0,72 -0,23140 172,84
0,83 -0,23060 172,81
0,90 -0,23100 172,81
0,99 -0,23140 172,81
1,11 -0,23170 172,81
1,25 -0,23140 172,81
1,32 -0,23140 172,79
1,51 -0,23360 172,77
1,56 -0,23060 172,77
1,68 -0,23290 172,79
1,77 -0,23140 172,79
1,91 -0,23480 172,79
1,94 -0,23140 172,81
2,05 -0,23250 172,81
2,22 -0,23210 172,81
2,25 -0,23210 172,80
2,37 -0,23320 172,80
2,45 -0,23290 172,80
2,50 -0,23100 172,80
2,57 -0,23210 172,80
2,66 -0,23020 172,80
2,72 -0,23170 172,80
2,86 -0,23170 172,80
2,94 -0,23170 172,80
2,95 -0,23100 172,79
3,10 -0,23360 172,80
3,12 -0,23100 172,80
3,18 -0,23100 172,79
3,26 -0,23020 172,77
3,31 -0,23100 172,77
3,43 -0,22910 172,76
3,49 -0,23020 172,77
3,57 -0,22910 172,77
3,57 -0,22880 172,77
3,68 -0,23100 172,79
3,73 -0,22910 172,79
3,76 -0,22880 172,80
3,83 -0,22760 172,81
3,91 -0,22950 172,81
3,98 -0,22690 172,83
4,07 -0,22910 172,85
4,13 -0,22690 172,85
4,16 -0,22910 172,85
4,19 -0,22690 172,84
4,23 -0,22760 172,84
4,32 -0,22570 172,85
4,43 -0,22760 172,83
4,43 -0,22800 172,83
4,49 -0,22570 172,80
4,53 -0,22690 172,79
4,60 -0,22610 172,79
4,67 -0,22430 172,79
4,72 -0,22390 172,77
4,77 -0,22610 172,77
4,87 -0,22610 172,77
4,90 -0,22430 172,79
4,97 -0,22310 172,79
5,04 -0,22200 172,83
5,06 -0,22120 172,85
5,15 -0,22310 172,85
5,17 -0,22350 172,88
5,25 -0,22310 172,91
5,27 -0,22090 172,91
5,36 -0,22050 172,93
5,38 -0,22010 172,95
5,46 -0,22120 172,95
5,50 -0,21860 173,00
5,56 -0,22010 173,02
5,57 -0,21900 173,02
5,68 -0,21830 173,04
5,69 -0,21640 173,06
5,75 -0,21600 173,06
5,81 -0,21450 173,08
5,91 -0,21410 173,15
5,95 -0,21520 173,15
5,96 -0,21560 173,18
6,00 -0,21490 173,25
6,10 -0,21560 173,25
6,15 -0,21490 173,27
6,22 -0,21380 173,30
6,22 -0,21380 173,30
6,31 -0,21340 173,33
6,38 -0,21300 173,38
6,42 -0,21380 173,38
6,48 -0,21190 173,43
6,46 -0,21150 173,44
6,57 -0,21220 173,46
6,62 -0,20920 173,46
6,67 -0,21070 173,48
6,69 -0,20890 173,49
6,73 -0,20810 173,49
6,84 -0,20920 173,49
6,88 -0,20810 173,50
6,94 -0,20890 173,50
7,00 -0,20660 173,50
6,99 -0,20550 173,48
7,08 -0,20470 173,48
7,10 -0,20510 173,48
7,18 -0,20510 173,48
7,25 -0,20510 173,48
7,26 -0,20550 173,46
7,30 -0,20400 173,46
7,40 -0,20320 173,46
7,42 -0,20290 173,44
7,51 -0,20290 173,44
7,53 -0,20290 173,44
7,56 -0,20140 173,40
7,62 -0,20170 173,39
7,66 -0,19990 173,39
7,76 -0,19990 173,39
7,78 -0,20060 173,36
7,87 -0,20030 173,36
7,87 -0,20060 173,35
7,94 -0,20030 173,34
7,98 -0,19950 173,34
8,07 -0,19950 173,34
8,09 -0,19760 173,33
8,11 -0,19800 173,33
8,23 -0,19910 173,31
8,29 -0,19720 173,33
8,32 -0,19760 173,34
8,38 -0,19910 173,34
8,42 -0,19720 173,35
8,50 -0,19840 173,38
8,52 -0,19950 173,38
8,55 -0,19650 173,40
8,64 -0,19690 173,41
8,64 -0,19650 173,41
8,76 -0,19760 173,45
8,79 -0,19720 173,45
8,84 -0,19690 173,45
8,89 -0,19690 173,49
8,92 -0,19800 173,51
8,98 -0,19800 173,51
9,00 -0,19610 173,51
9,11 -0,19760 173,56
9,15 -0,19610 173,56
9,20 -0,19720 173,61
9,25 -0,19540 173,63
9,26 -0,19540 173,63
9,35 -0,19500 173,66
9,35 -0,19460 173,66
9,47 -0,19540 173,66
9,51 -0,19350 173,69
9,52 -0,19310 173,71
9,56 -0,19200 173,71
9,63 -0,19390 173,74
9,70 -0,19310 173,75
9,76 -0,19240 173,75
9,76 -0,19240 173,77
9,82 -0,19200 173,77
9,89 -0,19090 173,77
9,96 -0,19090 173,79
10,02 -0,18970 173,80
10,00 -0,18820 173,80
10,12 -0,18820 173,81
10,15 -0,18820 173,83
10,17 -0,18640 173,83
10,23 -0,18490 173,83
10,30 -0,18300 173,83
10,39 -0,18600 173,83
10,41 -0,18220 173,81
10,48 -0,18260 173,81
10,51 -0,18150 173,81
10,54 -0,18000 173,83
10,57 -0,17850 173,80
10,63 -0,17770 173,80
10,69 -0,17740 173,77
10,78 -0,17620 173,79
10,84 -0,17400 173,79
10,88 -0,17250 173,79
10,89 -0,17100 173,81
10,93 -0,16950 173,81
10,98 -0,17020 173,79
11,09 -0,16720 173,76
11,09 -0,16690 173,76
11,20 -0,16690 173,75
11,19 -0,16540 173,76
11,27 -0,16650 173,76
11,28 -0,16280 173,75
11,38 -0,16200 173,74
11,42 -0,16310 173,74
11,45 -0,16160 173,71
11,53 -0,16090 173,69
11,60 -0,16050 173,69
11,61 -0,15790 173,66
11,67 -0,15670 173,65
11,71 -0,15860 173,65
11,79 -0,15790 173,63
11,85 -0,15820 173,60
11,91 -0,15710 173,60
11,92 -0,15450 173,60
11,99 -0,15670 173,59
12,01 -0,15340 173,59
12,11 -0,15410 173,56
12,13 -0,15260 173,55
12,21 -0,15490 173,55
12,25 -0,15490 173,58
12,26 -0,15450 173,58
12,32 -0,15340 173,58
12,40 -0,15230 173,58
12,47 -0,15340 173,56
12,49 -0,15490 173,56
12,52 -0,15410 173,56
12,60 -0,15560 173,56
12,62 -0,15560 173,56
12,73 -0,15520 173,56
12,75 -0,15410 173,55
12,82 -0,15490 173,55
12,82 -0,15450 173,54
12,93 -0,15710 173,54
12,91 -0,15490 173,54
13,03 -0,15710 173,54
13,01 -0,15560 173,52
13,10 -0,15750 173,52
13,16 -0,15600 173,51
13,23 -0,15710 173,50
13,23 -0,15670 173,50
13,30 -0,15640 173,50
13,33 -0,15750 173,51
13,43 -0,15640 173,51
13,43 -0,15560 173,48
13,54 -0,15670 173,46
13,56 -0,15490 173,46
13,60 -0,15600 173,46
13,64 -0,15520 173,46
13,69 -0,15520 173,46
13,77 -0,15410 173,44
13,82 -0,15490 173,40
13,82 -0,15410 173,40
13,88 -0,15450 173,38
13,99 -0,15600 173,36
14,04 -0,15490 173,36
14,05 -0,15410 173,34
14,09 -0,15150 173,31
14,14 -0,15150 173,31
14,21 -0,15190 173,27
14,30 -0,15040 173,24
14,36 -0,14920 173,24
14,40 -0,14660 173,23
14,40 -0,14590 173,21
14,46 -0,14320 173,21
14,56 -0,14360 173,20
14,57 -0,14290 173,19
14,65 -0,14100 173,19
14,70 -0,13990 173,19
14,72 -0,13840 173,14
14,78 -0,13610 173,14
14,83 -0,13390 173,11
14,91 -0,13460 173,10
14,93 -0,12970 173,10
15,02 -0,12900 173,11
15,04 -0,12820 173,11
15,08 -0,12680 173,11
15,17 -0,12260 173,11
15,17 -0,12080 173,10
15,23 -0,11890 173,10
15,31 -0,11660 173,08
15,35 -0,11510 173,09
15,38 -0,10840 173,09
15,41 -0,10720 173,05
15,45 -0,10420 173,00
15,57 -0,10160 173,00
15,58 -0,09820 172,99
15,62 -0,09380 172,99
15,74 -0,09260 172,99
15,77 -0,08740 172,96
15,79 -0,08630 172,99
15,86 -0,08360 172,95
15,92 -0,08100 172,95
15,95 -0,07800 172,94
15,97 -0,07350 172,93
16,04 -0,07240 172,93
16,11 -0,07200 172,94
16,15 -0,06830 172,94
16,17 -0,06860 172,94
16,30 -0,06790 172,98
16,27 -0,06640 172,98
16,35 -0,06710 172,98
16,43 -0,06670 172,99
16,48 -0,06450 172,99
16,48 -0,06520 172,99
16,54 -0,06600 172,99
16,61 -0,06600 172,98
16,67 -0,06790 172,98
16,72 -0,06600 173,01
16,80 -0,06750 173,05
16,85 -0,07090 173,05
16,87 -0,07160 173,04
16,94 -0,07240 173,08
17,00 -0,07160 173,08
17,04 -0,07540 173,13
17,05 -0,07500 173,15
17,14 -0,07910 173,15
17,14 -0,07950 173,16
17,26 -0,08250 173,21
17,31 -0,08320 173,21
17,31 -0,08590 173,21
17,35 -0,08630 173,25
17,45 -0,08930 173,25
17,44 -0,09150 173,29
17,56 -0,09300 173,31
17,62 -0,09530 173,31
17,65 -0,09750 173,30
17,67 -0,09970 173,31
17,75 -0,10130 173,31
17,82 -0,10200 173,34
17,80 -0,10310 173,35
17,91 -0,10500 173,35
17,91 -0,10460 173,36
17,97 -0,10650 173,35
18,02 -0,10720 173,35
18,12 -0,00830 173,36
18,16 -0,08400 173,39
18,18 -0,10350 173,39
18,23 -0,10720 173,36
18,27 -0,11060 173,35
18,35 -0,10990 173,35
18,44 -0,11030 173,36
18,47 -0,10910 173,35
18,48 -0,10800 173,35
18,52 -0,10800 173,35
18,57 -0,10690 173,34
18,67 -0,10720 173,34
18,68 -0,10460 173,34
18,74 -0,10460 173,33
18,82 -0,10270 173,33
18,86 -0,09940 173,31
18,89 -0,09710 173,33
18,96 -0,09820 173,33
18,99 -0,09450 173,29
19,08 -0,09220 173,29
19,10 -0,09150 173,29
19,19 -0,08850 173,30
19,21 -0,08550 173,30
19,28 -0,08140 173,30
19,34 -0,07880 173,29
19,38 -0,07650 173,30
19,41 -0,07350 173,30
19,45 -0,07050 173,31
19,53 -0,06600 173,33
19,53 -0,06150 173,33
19,61 -0,06110 173,33
19,70 -0,05510 173,33
19,74 -0,04870 173,33
19,79 -0,04650 173,34
19,84 -0,04160 173,35
19,84 -0,03710 173,35
19,94 -0,03110 173,38
19,95 -0,02770 173,41
20,01 -0,02210 173,41
20,05 -0,01500 173,44
20,12 -0,01270 173,49
20,14 -0,00560 173,49
20,26 -0,00150 173,52
20,29 0,00710 173,54
20,30 0,00900 173,54
20,39 0,01500 173,58
20,40 0,02030 173,58
20,51 0,02810 173,58
20,55 0,03450 173,63
20,61 0,04160 173,63
20,63 0,04910 173,63
20,72 0,05360 173,65
20,71 0,06000 173,68
20,81 0,06260 173,68
20,84 0,07050 173,70
20,91 0,07500 173,73
20,92 0,07950 173,73
21,01 0,08320 173,73
21,06 0,08470 173,76
21,11 0,08850 173,76
21,16 0,09040 173,77
21,21 0,09220 173,80
21,25 0,09410 173,80
21,29 0,09380 173,83
21,36 0,09450 173,85
21,42 0,09260 173,85
21,47 0,09040 173,86
21,48 0,08890 173,88
21,52 0,08630 173,88
21,57 0,08470 173,88
21,63 0,07880 173,88
21,73 0,07350 173,88
21,75 0,07200 173,88
21,82 0,06300 173,90
21,88 0,06000 173,93
21,88 0,05590 173,93
21,92 0,05100 173,93
21,98 0,04570 173,93
22,08 0,03940 173,93
22,15 0,03450 173,94
22,15 0,03040 173,94
22,18 0,02590 173,94
22,25 0,02030 173,93
22,32 0,01430 173,91
22,37 0,01090 173,91
22,38 0,00710 173,88
22,45 0,00340 173,85
22,51 -0,00110 173,85
22,60 -0,00710 173,81
22,64 -0,01160 173,80
22,67 -0,01430 173,80
22,72 -0,01610 173,76
22,80 -0,01950 173,71
22,82 -0,02250 173,71
22,84 -0,02250 173,69
22,92 -0,02590 173,66
22,99 -0,02630 173,66
23,00 -0,02740 173,64
23,06 -0,02890 173,61
23,14 -0,03080 173,61
23,16 -0,02850 173,60
23,23 -0,02930 173,59
23,32 -0,03080 173,59
23,35 -0,02810 173,56
23,41 -0,02740 173,51
23,42 -0,02510 173,51
23,51 -0,02480 173,52
23,55 -0,02170 173,49
23,57 -0,02060 173,49
23,60 -0,01880 173,49
23,65 -0,01580 173,45
23,72 -0,01090 173,45
23,76 -0,00560 173,44
23,87 -0,00410 173,44
23,86 0,00110 173,44
23,97 0,00410 173,46
24,00 0,01050 173,46
24,01 0,01270 173,46
24,08 0,01950 173,46
24,13 0,02630 173,45
24,22 0,02960 173,45
24,21 0,03900 173,46
24,29 0,04390 173,50
24,36 0,05100 173,50
24,41 0,05660 173,48
24,45 0,06300 173,48
24,47 0,06940 173,48
24,53 0,07690 173,46
24,58 0,08740 173,48
24,63 0,09220 173,48
24,72 0,10160 173,44
24,75 0,10880 173,41
24,79 0,11620 173,41
24,82 0,12450 173,39
24,90 0,13310 173,40
24,95 0,14740 173,40
25,03 0,15230 173,38
25,04 0,16240 173,39
25,07 0,17060 173,38
25,18 0,18040 173,38
25,21 0,18970 173,39
25,27 0,20210 173,39
25,33 0,20770 173,39
25,40 0,22120 173,38
25,39 0,23550 173,36
25,49 0,24260 173,36
25,49 0,25390 173,36
25,57 0,26320 173,36
25,63 0,27450 173,36
25,67 0,28350 173,36
25,70 0,29400 173,36
25,76 0,30490 173,36
25,84 0,31090 173,34
25,85 0,32170 173,36
25,92 0,32850 173,36
25,98 0,33680 173,35
26,04 0,34200 173,36
26,06 0,34690 173,36
26,14 0,35060 173,38
26,21 0,35360 173,41
26,24 0,34870 173,41
26,30 0,34800 173,41
26,33 0,34760 173,43
26,38 0,34580 173,43
26,41 0,33980 173,44
26,48 0,33560 173,45
26,51 0,33150 173,45
26,56 0,32400 173,43
26,64 0,31540 173,44
26,69 0,30410 173,44
26,75 0,29890 173,45
26,77 0,28760 173,46
26,81 0,28280 173,46
26,89 0,26850 173,48
26,95 0,26290 173,49
27,01 0,24970 173,49
27,01 0,23810 173,51
27,11 0,22880 173,54
27,14 0,21830 173,54
27,21 0,21000 173,55
27,25 0,20030 173,56
27,27 0,19460 173,56
27,34 0,18110 173,60
27,40 0,17210 173,63
27,41 0,16570 173,63
27,51 0,15710 173,65
27,56 0,15150 173,65
27,61 0,14440 173,65
27,61 0,14100 173,64
27,70 0,13570 173,64
27,75 0,13050 173,64
27,83 0,12340 173,69
27,87 0,12000 173,73
27,87 0,11770 173,73
27,96 0,11590 173,74
28,01 0,11210 173,76
28,05 0,11100 173,76
28,08 0,11030 173,80
28,14 0,10990 173,83
28,17 0,11100 173,81
28,24 0,11060 173,81
28,32 0,11210 173,84
28,33 0,11510 173,85
28,37 0,11740 173,85
28,43 0,11960 173,86
28,51 0,12260 173,89
28,56 0,12520 173,89
28,63 0,13090 173,93
28,66 0,13840 173,96
28,70 0,14020 173,96
28,72 0,14850 173,99
28,82 0,15190 174,00
28,82 0,16160 174,00
28,92 0,16610 174,00
29,00 0,17440 174,01
29,01 0,18450 174,01
29,08 0,19010 174,02
29,12 0,20140 174,04
29,16 0,20740 174,04
29,18 0,22010 174,04
29,28 0,22800 174,04
29,31 0,24070 174,04
29,33 0,24790 174,04
29,45 0,25990 174,05
29,43 0,27680 174,06
29,55 0,28420 174,06
29,58 0,29660 174,06
29,60 0,30680 174,04
29,66 0,31990 174,04
29,74 0,33300 174,08
29,80 0,34990 174,08
29,80 0,36410 174,08
29,90 0,37390 174,09
29,89 0,39340 174,06
29,99 0,40310 174,06
30,01 0,41930 174,04
30,10 0,43390 174,01
30,14 0,45340 174,01
30,15 0,46430 174,00
30,25 0,48040 174,00
30,31 0,50360 174,00
30,32 0,51640 173,98
30,40 0,53510 173,98
30,46 0,54940 173,95
30,44 0,56810 173,95
30,50 0,57980 173,93
30,62 0,60110 173,93
30,66 0,62060 173,93
30,67 0,63450 173,93
30,72 0,65250 173,89
30,77 0,66520 173,89
30,80 0,68250 173,88
30,90 0,69410 173,84
30,90 0,70950 173,84
30,96 0,71810 173,81
31,02 0,73200 173,81
31,11 0,74250 173,81
31,16 0,74740 173,79
31,19 0,75380 173,76
31,21 0,75670 173,76
31,30 0,75940 173,74
31,31 0,75940 173,68
31,38 0,75830 173,68
31,44 0,75230 173,69
31,48 0,74850 173,69
31,53 0,73910 173,69
31,56 0,73280 173,65
31,61 0,72150 173,64
31,70 0,71060 173,64
31,71 0,69900 173,61
31,76 0,68890 173,60
31,82 0,67430 173,60
31,86 0,65660 173,58
31,97 0,64540 173,60
31,99 0,62400 173,60
32,06 0,61500 173,61
32,06 0,59890 173,61
32,12 0,58990 173,61
32,23 0,57000 173,61
32,27 0,54830 173,61
32,29 0,53930 173,61
32,32 0,52280 173,61
32,38 0,51040 173,60
32,46 0,49270 173,60
32,48 0,48260 173,59
32,54 0,46880 173,59
32,62 0,45900 173,59
32,69 0,44700 173,63
32,68 0,43540 173,64
32,78 0,42900 173,64
32,77 0,42080 173,64
32,86 0,41480 173,69
32,87 0,40650 173,69
32,97 0,40090 173,69
33,02 0,39490 173,71
33,03 0,39230 173,71
33,11 0,38740 173,75
33,17 0,38550 173,73
33,19 0,38550 173,73
33,27 0,38510 173,70
33,33 0,38400 173,73
33,32 0,38590 173,73
33,38 0,38930 173,74
33,45 0,39230 173,73
33,49 0,39680 173,73
33,56 0,40130 173,74
33,59 0,40760 173,75
33,64 0,41210 173,75
33,69 0,42000 173,73
33,75 0,42410 173,75
33,84 0,43460 173,75
33,86 0,44550 173,76
33,92 0,45340 173,80
33,94 0,46690 173,80
34,05 0,47510 173,83
34,06 0,48790 173,85
34,09 0,49910 173,85
34,17 0,51150 173,84
34,20 0,52240 173,84
34,29 0,54150 173,84
34,30 0,55950 173,84
34,37 0,57260 173,84
34,39 0,59250 173,86
34,49 0,60410 173,86
34,49 0,62060 173,84
34,59 0,63520 173,86
34,63 0,65740 173,86
34,68 0,67990 173,91
34,72 0,69640 173,96
34,78 0,71810 173,96
34,80 0,73500 173,98
34,86 0,76130 174,00
34,92 0,77590 174,00
34,94 0,80250 174,04
35,04 0,81750 174,09
35,06 0,84410 174,09
35,12 0,87410 174,11
35,16 0,89210 174,18
35,24 0,91910 174,18
35,28 0,94050 174,20
35,32 0,96750 174,24
35,35 0,98960 174,24
35,45 1,02000 174,26
35,45 1,05190 174,30
35,56 1,07550 174,30
35,58 1,10360 174,30
35,63 1,12270 174,35
35,69 1,15610 174,35
35,73 1,17530 174,39
35,76 1,20820 174,43
35,84 1,22700 174,43
35,92 1,25470 174,45
35,95 1,28960 174,46
35,97 1,30760 174,46
36,02 1,33240 174,50
36,09 1,34810 174,49
36,11 1,37020 174,49
36,20 1,38190 174,50
36,25 1,40290 174,50
36,31 1,41710 174,50
36,33 1,42390 174,51
36,41 1,43250 174,50
36,48 1,43470 174,50
36,51 1,43850 174,50
36,54 1,43770 174,46
36,57 1,43440 174,46
36,63 1,43100 174,45
36,74 1,42310 174,45
36,73 1,41190 174,44
36,83 1,40100 174,44
36,87 1,39090 174,41
36,93 1,38070 174,41
36,95 1,36390 174,41
36,98 1,35640 174,39
37,10 1,33350 174,41
37,14 1,31360 174,41
37,15 1,30160 174,40
37,19 1,28020 174,40
37,28 1,26490 174,40
37,28 1,24460 174,40
37,39 1,22770 174,40
37,42 1,20710 174,40
37,44 1,19360 174,40
37,52 1,16920 174,40
37,54 1,14710 174,40
37,65 1,12870 174,41
37,67 1,10960 174,43
37,71 1,09690 174,43
37,73 1,07890 174,44
37,85 1,06540 174,44
37,87 1,04740 174,44
37,92 1,03350 174,46
37,96 1,02340 174,48
38,02 1,00950 174,48
38,07 1,00200 174,50
