-0,03 -0,23140 174,44
-0,04 -0,23020 174,43
0,01 -0,23100 174,43
0,02 -0,23100 174,38
0,01 -0,23250 174,38
0,01 -0,23060 174,38
-0,03 -0,23100 174,36
0,04 -0,23140 174,35
0,01 -0,23100 174,35
0,10 -0,23140 174,35
0,16 -0,23140 174,35
0,16 -0,23060 174,35
0,21 -0,23140 174,31
0,27 -0,23360 174,30
0,40 -0,23400 174,30
0,45 -0,23250 174,31
0,49 -0,23290 174,31
0,64 -0,23210 174,31
0,68 -0,23140 174,33
0,83 -0,23210 174,35
0,90 -0,23360 174,35
0,99 -0,23250 174,36
1,05 -0,23400 174,35
1,21 -0,23320 174,35
1,28 -0,23480 174,33
1,42 -0,23550 174,34
1,54 -0,23510 174,34
1,60 -0,23360 174,30
1,73 -0,23320 174,29
1,83 -0,23320 174,29
1,94 -0,23510 174,30
2,02 -0,23400 174,30
2,10 -0,23400 174,30
2,23 -0,23320 174,30
2,35 -0,23440 174,30
2,41 -0,23250 174,30
2,51 -0,23360 174,29
2,61 -0,23320 174,27
2,62 -0,23290 174,27
2,71 -0,23250 174,27
2,82 -0,23440 174,29
2,87 -0,23360 174,29
3,02 -0,23400 174,31
3,07 -0,23320 174,33
3,15 -0,23440 174,33
3,18 -0,23140 174,30
3,23 -0,23250 174,31
3,34 -0,23250 174,29
3,38 -0,23360 174,29
3,45 -0,23100 174,27
3,52 -0,23250 174,27
3,59 -0,23140 174,27
3,67 -0,23170 174,25
3,71 -0,23170 174,25
3,79 -0,23210 174,25
3,84 -0,23140 174,25
3,91 -0,23320 174,24
3,99 -0,23100 174,24
4,02 -0,23100 174,23
4,07 -0,23100 174,21
4,19 -0,23140 174,21
4,18 -0,23100 174,23
4,31 -0,23290 174,24
4,35 -0,23170 174,24
4,42 -0,23170 174,23
4,44 -0,23140 174,23
4,48 -0,23140 174,23
4,59 -0,23360 174,24
4,59 -0,23100 174,24
4,66 -0,23250 174,24
4,75 -0,23210 174,21
4,78 -0,23290 174,20
4,86 -0,23250 174,20
4,90 -0,23100 174,18
4,97 -0,23250 174,20
5,00 -0,23060 174,20
5,11 -0,23210 174,15
5,14 -0,23290 174,15
5,16 -0,23060 174,15
5,25 -0,23140 174,13
5,26 -0,23020 174,10
5,38 -0,22910 174,10
5,39 -0,22990 174,13
5,49 -0,23140 174,13
5,52 -0,23290 174,13
5,57 -0,23020 174,11
5,64 -0,23060 174,14
5,65 -0,23140 174,14
5,73 -0,23170 174,14
5,79 -0,23140 174,13
5,82 -0,23170 174,13
5,86 -0,22950 174,09
5,94 -0,23210 174,06
6,00 -0,22950 174,06
6,07 -0,22950 174,04
6,06 -0,22910 174,04
6,12 -0,22990 174,04
6,19 -0,22950 174,05
6,28 -0,23060 174,05
6,29 -0,22990 174,05
6,38 -0,23060 174,06
6,41 -0,22840 174,06
6,43 -0,22800 174,06
6,50 -0,22720 174,11
6,52 -0,22720 174,11
6,59 -0,22840 174,11
6,66 -0,22690 174,16
6,70 -0,22720 174,21
6,81 -0,22720 174,21
6,83 -0,22840 174,25
6,91 -0,22690 174,29
6,90 -0,22500 174,29
7,00 -0,22720 174,33
7,02 -0,22540 174,36
7,11 -0,22460 174,36
7,12 -0,22460 174,39
7,16 -0,22350 174,40
7,23 -0,22430 174,40
7,28 -0,22120 174,44
7,36 -0,22350 174,46
7,37 -0,22350 174,46
7,47 -0,22310 174,49
7,50 -0,22090 174,52
7,57 -0,22240 174,52
7,58 -0,22120 174,58
7,62 -0,22010 174,60
7,68 -0,22010 174,60
7,77 -0,22090 174,60
7,82 -0,21970 174,60
7,84 -0,22010 174,58
7,92 -0,21970 174,58
7,95 -0,21970 174,59
7,97 -0,21940 174,56
8,04 -0,21860 174,56
8,08 -0,21970 174,56
8,20 -0,22120 174,58
8,23 -0,22010 174,58
8,28 -0,21970 174,51
8,30 -0,21940 174,49
8,39 -0,22090 174,49
8,46 -0,22010 174,45
8,48 -0,22120 174,43
8,51 -0,22120 174,43
8,56 -0,21940 174,40
8,60 -0,21940 174,36
8,66 -0,21940 174,36
8,73 -0,22200 174,35
8,82 -0,22200 174,31
8,85 -0,22010 174,31
8,88 -0,22240 174,26
8,90 -0,22050 174,25
9,01 -0,22160 174,25
9,00 -0,22120 174,24
9,11 -0,22090 174,21
9,13 -0,21940 174,21
9,21 -0,22120 174,19
9,26 -0,22120 174,19
9,26 -0,22090 174,19
9,37 -0,22200 174,16
9,38 -0,22010 174,18
9,41 -0,22010 174,18
9,46 -0,21900 174,14
9,57 -0,22090 174,10
9,63 -0,21900 174,10
9,63 -0,21830 174,09
9,67 -0,21750 174,04
9,78 -0,21830 174,04
9,77 -0,21790 174,06
9,85 -0,21560 174,05
9,89 -0,21520 174,04
9,94 -0,21410 174,04
10,03 -0,21450 174,01
10,09 -0,21490 173,99
10,08 -0,21220 173,99
10,13 -0,21220 173,98
10,19 -0,21070 173,94
10,23 -0,21150 173,94
10,31 -0,21110 173,91
10,36 -0,20850 173,91
10,44 -0,21040 173,91
10,43 -0,20700 173,89
10,49 -0,20740 173,85
10,54 -0,20400 173,85
10,64 -0,20620 173,80
10,68 -0,20440 173,77
10,74 -0,20320 173,77
10,81 -0,20140 173,73
10,83 -0,19990 173,68
10,85 -0,19690 173,68
10,94 -0,19500 173,65
10,95 -0,19420 173,64
11,01 -0,19160 173,64
11,10 -0,19200 173,61
11,17 -0,18970 173,55
11,19 -0,18790 173,55
11,24 -0,18560 173,54
11,25 -0,18450 173,49
11,37 -0,18450 173,49
11,40 -0,18110 173,43
11,43 -0,18220 173,39
11,47 -0,17850 173,39
11,55 -0,18040 173,35
11,63 -0,18000 173,31
11,66 -0,17810 173,31
11,67 -0,17700 173,29
11,74 -0,17550 173,26
11,80 -0,17810 173,26
11,84 -0,17440 173,24
11,90 -0,17660 173,21
11,98 -0,17550 173,21
12,02 -0,17470 173,18
12,08 -0,17470 173,16
12,06 -0,17400 173,16
12,18 -0,17620 173,15
12,20 -0,17400 173,13
12,27 -0,17550 173,13
12,30 -0,17770 173,10
12,36 -0,17510 173,10
12,42 -0,17590 173,10
12,45 -0,17850 173,09
12,51 -0,17920 173,06
12,57 -0,17890 173,06
12,58 -0,17810 173,08
12,63 -0,17960 173,09
12,69 -0,18040 173,09
12,75 -0,18150 173,10
12,84 -0,18260 173,11
12,84 -0,18260 173,11
12,90 -0,18490 173,11
12,99 -0,18520 173,10
13,02 -0,18670 173,11
13,05 -0,18640 173,11
13,10 -0,18560 173,11
13,14 -0,18640 173,10
13,20 -0,18820 173,10
13,29 -0,19090 173,10
13,35 -0,19200 173,10
13,38 -0,19350 173,10
13,45 -0,19270 173,10
13,44 -0,19350 173,11
13,53 -0,19390 173,11
13,56 -0,19540 173,13
13,64 -0,19540 173,15
13,66 -0,19540 173,15
13,75 -0,19800 173,16
13,77 -0,19760 173,16
13,80 -0,19840 173,16
13,86 -0,19690 173,18
13,90 -0,19720 173,16
14,00 -0,19910 173,16
14,02 -0,19910 173,16
14,09 -0,20100 173,14
14,12 -0,19910 173,14
14,18 -0,20060 173,13
14,21 -0,19870 173,11
14,31 -0,19910 173,11
14,34 -0,19910 173,09
14,38 -0,19800 173,13
14,47 -0,19690 173,13
14,49 -0,19760 173,15
14,52 -0,19610 173,15
14,57 -0,19500 173,15
14,60 -0,19240 173,16
14,72 -0,19270 173,16
14,71 -0,18940 173,16
14,80 -0,18750 173,19
14,88 -0,18560 173,20
14,91 -0,18520 173,20
14,92 -0,18110 173,23
15,02 -0,18040 173,23
15,07 -0,17920 173,23
15,09 -0,17330 173,21
15,12 -0,17210 173,21
15,19 -0,16870 173,21
15,28 -0,16460 173,21
15,29 -0,16240 173,24
15,38 -0,15940 173,24
15,43 -0,15670 173,25
15,45 -0,15260 173,27
15,49 -0,15040 173,27
15,55 -0,14510 173,27
15,59 -0,14440 173,30
15,64 -0,13800 173,30
15,74 -0,13310 173,34
15,76 -0,12860 173,35
15,83 -0,12520 173,35
15,84 -0,12040 173,39
15,88 -0,11660 173,41
15,93 -0,11400 173,41
16,05 -0,10840 173,45
16,09 -0,10500 173,48
16,10 -0,10130 173,49
16,18 -0,09790 173,49
16,23 -0,09820 173,54
16,29 -0,09380 173,54
16,30 -0,09070 173,54
16,35 -0,08810 173,56
16,40 -0,08810 173,60
16,46 -0,08700 173,60
16,53 -0,08510 173,60
16,61 -0,08700 173,61
16,65 -0,08550 173,61
16,66 -0,08630 173,64
16,75 -0,08780 173,66
16,78 -0,08740 173,66
16,87 -0,08890 173,69
16,91 -0,09040 173,71
16,92 -0,09300 173,71
17,00 -0,09530 173,71
17,08 -0,09710 173,77
17,09 -0,10090 173,77
17,11 -0,10090 173,80
17,15 -0,10390 173,77
17,20 -0,10690 173,77
17,28 -0,11060 173,77
17,37 -0,11330 173,80
17,42 -0,11590 173,80
17,46 -0,12040 173,79
17,47 -0,12380 173,77
17,51 -0,12680 173,77
17,57 -0,12940 173,79
17,64 -0,13270 173,83
17,72 -0,13760 173,83
17,75 -0,14170 173,83
17,78 -0,14360 173,86
17,84 -0,14890 173,86
17,91 -0,15070 173,89
17,95 -0,15450 173,88
17,97 -0,15520 173,88
18,02 -0,15790 173,91
18,10 -0,16010 173,96
18,14 -0,16540 173,96
18,20 -0,16760 173,99
18,24 -0,16800 173,98
18,28 -0,16950 173,98
18,37 -0,17210 173,99
18,44 -0,17550 174,00
18,50 -0,17590 174,04
18,48 -0,17770 174,04
18,54 -0,18000 174,06
18,63 -0,18190 174,08
18,64 -0,18070 174,08
18,69 -0,18220 174,15
18,77 -0,18190 174,20
18,79 -0,18340 174,20
18,83 -0,18300 174,20
18,91 -0,18260 174,24
18,99 -0,18370 174,24
19,02 -0,18220 174,25
19,04 -0,18040 174,26
19,15 -0,18000 174,26
19,18 -0,17850 174,26
19,25 -0,17890 174,29
19,31 -0,17590 174,29
19,32 -0,17290 174,30
19,40 -0,17100 174,31
19,45 -0,16800 174,31
19,50 -0,16870 174,35
19,53 -0,16350 174,38
19,59 -0,16200 174,38
19,60 -0,15710 174,36
19,70 -0,15560 174,35
19,72 -0,15000 174,35
19,79 -0,14590 174,41
19,85 -0,14250 174,41
19,88 -0,13460 174,41
19,91 -0,13240 174,40
20,00 -0,12600 174,39
20,04 -0,12300 174,39
20,09 -0,11550 174,36
20,17 -0,10880 174,38
20,18 -0,10310 174,38
20,25 -0,09530 174,38
20,28 -0,09000 174,38
20,35 -0,08210 174,35
20,38 -0,07800 174,35
20,46 -0,06830 174,35
20,52 -0,06380 174,38
20,54 -0,05290 174,38
20,61 -0,04240 174,39
20,63 -0,03560 174,41
20,66 -0,02810 174,41
20,77 -0,02250 174,40
20,82 -0,01200 174,40
20,86 -0,00640 174,40
20,91 0,00300 174,38
20,94 0,01240 174,35
21,02 0,01910 174,35
21,03 0,02700 174,35
21,14 0,03150 174,36
21,13 0,03790 174,36
21,17 0,04200 174,38
21,22 0,04650 174,35
21,28 0,04800 174,35
21,37 0,05290 174,38
21,39 0,05510 174,40
21,47 0,05470 174,40
21,53 0,05250 174,43
21,57 0,05060 174,44
21,60 0,05060 174,44
21,65 0,04910 174,44
21,70 0,04460 174,43
21,79 0,03830 174,43
21,80 0,03490 174,43
21,89 0,02700 174,49
21,89 0,02290 174,49
21,99 0,01460 174,51
22,01 0,01160 174,52
22,04 0,00410 174,52
22,09 -0,00260 174,52
22,20 -0,01010 174,52
22,19 -0,01910 174,52
22,25 -0,02550 174,52
22,30 -0,03530 174,54
22,35 -0,03940 174,54
22,40 -0,04840 174,59
22,46 -0,05360 174,59
22,57 -0,06300 174,59
22,60 -0,07160 174,60
22,61 -0,07800 174,61
22,70 -0,08810 174,61
22,71 -0,09260 174,60
22,74 -0,09940 174,61
22,81 -0,10500 174,61
22,88 -0,11030 174,61
22,91 -0,11590 174,63
23,03 -0,12260 174,63
23,02 -0,12970 174,64
23,11 -0,13270 174,66
23,15 -0,13800 174,66
23,16 -0,14210 174,69
23,22 -0,14700 174,69
23,26 -0,14850 174,69
23,35 -0,15380 174,69
23,39 -0,15490 174,68
23,43 -0,15820 174,68
23,50 -0,15970 174,64
23,58 -0,16280 174,64
23,62 -0,16240 174,64
23,64 -0,16570 174,64
23,66 -0,16420 174,61
23,72 -0,16390 174,61
23,80 -0,16390 174,63
23,88 -0,16350 174,63
23,89 -0,16280 174,63
23,92 -0,16120 174,59
23,98 -0,15970 174,61
24,08 -0,15790 174,61
24,12 -0,15670 174,61
24,19 -0,15150 174,60
24,18 -0,14740 174,61
24,28 -0,14470 174,61
24,27 -0,13760 174,59
24,39 -0,13420 174,55
24,37 -0,12710 174,55
24,49 -0,12410 174,50
24,47 -0,11620 174,45
24,53 -0,11140 174,45
24,61 -0,10390 174,43
24,68 -0,09260 174,39
24,75 -0,08890 174,39
24,73 -0,07910 174,39
24,84 -0,07460 174,38
24,84 -0,06380 174,38
24,94 -0,05590 174,34
25,00 -0,04650 174,33
24,99 -0,03380 174,33
25,07 -0,02660 174,27
25,10 -0,01350 174,25
25,20 -0,00490 174,25
25,22 0,00790 174,23
25,25 0,01540 174,19
25,29 0,03040 174,19
25,36 0,04090 174,15
25,45 0,05440 174,11
25,49 0,07090 174,11
25,51 0,07990 174,08
25,58 0,09490 174,02
25,63 0,10540 174,02
25,65 0,12340 174,01
25,75 0,13350 173,98
25,81 0,14920 173,98
25,81 0,16570 173,96
25,86 0,17660 173,95
25,96 0,19050 173,95
25,98 0,20030 173,95
26,04 0,21410 173,94
26,06 0,22240 173,94
26,15 0,23360 173,88
26,21 0,23960 173,85
26,23 0,25010 173,85
26,26 0,25910 173,83
26,34 0,26250 173,80
26,41 0,26700 173,80
26,43 0,26660 173,76
26,47 0,26590 173,75
26,51 0,26400 173,75
26,57 0,26060 173,73
26,66 0,25610 173,69
26,72 0,24940 173,68
26,76 0,24040 173,68
26,80 0,23590 173,66
26,86 0,22430 173,63
26,92 0,21450 173,63
26,92 0,20470 173,61
26,99 0,19690 173,59
27,03 0,18150 173,59
27,07 0,16500 173,54
27,19 0,15260 173,50
27,21 0,13730 173,50
27,26 0,12490 173,49
27,32 0,10990 173,45
27,36 0,09900 173,45
27,38 0,08320 173,43
27,42 0,06790 173,40
27,53 0,05550 173,40
27,54 0,03940 173,38
27,58 0,02960 173,35
27,62 0,01500 173,35
27,68 0,00370 173,31
27,73 -0,01010 173,27
27,81 -0,02140 173,27
27,85 -0,03340 173,24
27,93 -0,04760 173,23
27,96 -0,05400 173,23
28,00 -0,06600 173,20
28,05 -0,07130 173,20
28,12 -0,08100 173,20
28,17 -0,08740 173,20
28,26 -0,09490 173,18
28,30 -0,10390 173,18
28,30 -0,10720 173,15
28,36 -0,11510 173,16
28,42 -0,11700 173,16
28,49 -0,12190 173,16
28,53 -0,12300 173,16
28,56 -0,12790 173,16
28,62 -0,12790 173,20
28,69 -0,13010 173,19
28,75 -0,12790 173,19
28,81 -0,12970 173,16
28,81 -0,12600 173,18
28,85 -0,12520 173,18
28,90 -0,12190 173,16
29,01 -0,12260 173,18
29,03 -0,11700 173,18
29,11 -0,11100 173,19
29,12 -0,10760 173,23
29,16 -0,10010 173,23
29,27 -0,09640 173,25
29,30 -0,08740 173,23
29,36 -0,08400 173,23
29,38 -0,07310 173,25
29,41 -0,06860 173,29
29,52 -0,05620 173,29
29,53 -0,04610 173,31
29,58 -0,03710 173,33
29,61 -0,02440 173,33
29,67 -0,01430 173,34
29,75 -0,00260 173,36
29,82 0,00830 173,36
29,84 0,02480 173,38
29,87 0,04240 173,39
29,93 0,05250 173,39
29,97 0,07090 173,41
30,07 0,08210 173,44
30,12 0,10240 173,44
30,16 0,11250 173,46
30,18 0,13350 173,51
30,24 0,14700 173,51
30,28 0,16720 173,58
30,37 0,19090 173,60
30,42 0,20510 173,60
30,47 0,22800 173,66
30,52 0,24560 173,69
30,51 0,26590 173,69
30,63 0,28240 173,73
30,68 0,30860 173,76
30,72 0,33300 173,76
30,77 0,34990 173,79
30,78 0,37690 173,83
30,87 0,39110 173,83
30,92 0,41360 173,88
30,97 0,43240 173,89
31,02 0,45230 173,89
31,03 0,46760 173,90
31,12 0,48860 173,94
31,14 0,51230 173,94
31,24 0,52130 173,99
31,24 0,53810 174,02
31,34 0,54450 174,02
31,37 0,55610 174,09
31,43 0,55990 174,11
31,50 0,56510 174,11
31,49 0,57040 174,13
31,55 0,56960 174,15
31,64 0,56770 174,15
31,65 0,56360 174,19
31,68 0,55800 174,20
31,74 0,55240 174,20
31,78 0,54080 174,20
31,89 0,53030 174,24
31,91 0,51490 174,24
31,97 0,49650 174,25
32,02 0,48260 174,26
32,08 0,45980 174,26
32,10 0,44550 174,29
32,14 0,42340 174,30
32,24 0,40430 174,30
32,30 0,38030 174,30
32,30 0,35590 174,35
32,36 0,33710 174,34
32,43 0,31500 174,34
32,51 0,29590 174,35
32,52 0,26850 174,36
32,60 0,24820 174,36
32,64 0,22390 174,35
32,70 0,20700 174,34
32,77 0,18220 174,33
32,77 0,15900 174,33
32,81 0,14210 174,29
32,86 0,12000 174,31
32,94 0,09940 174,30
33,00 0,08320 174,30
33,01 0,07310 174,27
33,08 0,05320 174,25
33,14 0,03150 174,25
33,18 0,02210 174,24
33,25 0,00680 174,21
33,27 -0,00190 174,21
33,35 -0,01390 174,19
33,36 -0,02250 174,18
33,40 -0,03110 174,18
33,49 -0,04280 174,19
33,54 -0,04760 174,16
33,57 -0,05440 174,15
33,64 -0,05890 174,15
33,68 -0,06040 174,16
33,77 -0,06410 174,15
33,79 -0,06600 174,15
33,82 -0,06490 174,16
33,94 -0,06410 174,16
33,92 -0,05960 174,16
34,03 -0,06000 174,16
34,02 -0,05290 174,15
34,12 -0,04950 174,15
34,14 -0,04200 174,16
34,20 -0,03860 174,18
34,22 -0,02850 174,18
34,28 -0,02170 174,19
34,35 -0,00940 174,16
34,37 0,00220 174,16
34,47 0,01350 174,19
34,52 0,02590 174,19
34,54 0,03560 174,19
34,58 0,05400 174,19
34,63 0,06640 174,18
34,69 0,08400 174,18
34,79 0,10720 174,20
34,85 0,12040 174,21
34,85 0,14060 174,21
34,92 0,15640 174,23
34,96 0,17920 174,20
35,02 0,19460 174,20
35,03 0,22090 174,20
35,13 0,23810 174,19
35,15 0,26550 174,19
35,24 0,29620 174,19
35,30 0,31610 174,15
35,32 0,34760 174,15
35,34 0,36680 174,11
35,43 0,39790 174,11
35,50 0,42040 174,11
35,51 0,45520 174,11
35,56 0,49160 174,13
35,64 0,51600 174,13
35,64 0,54900 174,11
35,70 0,57230 174,10
35,78 0,61010 174,10
35,81 0,63640 174,13
35,86 0,67280 174,11
35,91 0,69640 174,11
35,97 0,73120 174,11
36,02 0,77210 174,13
36,08 0,79760 174,13
36,09 0,82840 174,13
36,19 0,85010 174,13
36,24 0,88460 174,10
36,30 0,90640 174,09
36,32 0,93040 174,09
36,40 0,95620 174,08
36,43 0,97240 174,05
36,49 0,99300 174,05
36,51 1,00350 174,05
36,57 1,01620 174,05
36,62 1,02230 174,05
36,64 1,02860 174,04
36,75 1,02900 174,06
36,78 1,02860 174,06
36,82 1,02230 174,08
36,88 1,01510 174,09
36,91 1,00460 174,09
37,01 0,99560 174,09
37,00 0,97760 174,09
37,11 0,96490 174,09
37,13 0,94350 174,08
37,17 0,91430 174,09
37,27 0,89660 174,09
37,26 0,86740 174,08
37,33 0,84750 174,08
37,36 0,81600 174,08
37,47 0,78970 174,08
37,50 0,75230 174,08
37,56 0,72490 174,08
37,63 0,69230 174,08
37,63 0,65030 174,08
37,70 0,62060 174,08
37,72 0,58090 174,10
37,78 0,55580 174,11
37,87 0,51710 174,11
37,92 0,49310 174,13
37,99 0,45830 174,16
38,00 0,41660 174,16
